prb_id,median
35237,133.721555,133.70834,133.715255,133.721555,133.97405,134.67012
35232,104.856045,104.846925,104.85462,104.856045,106.178035,107.392945
35233,138.19609,133.54682,135.91209,138.19609,141.700475,148.52003
35230,32.701415,32.39139,32.591795,32.701415,32.92385,33.050185
35547,198.783,198.670745,198.726515,198.783,198.88816,199.91016
31783,103.6068,103.334135,103.555875,103.6068,104.21138,104.551635
35239,81.82917,81.59122,81.74405,81.82917,81.87511,82.48544
11540,104.458475,102.94673,103.39687,104.458475,108.591425,111.498635
11541,118.97178,116.22195,117.685645,118.97178,119.065135,119.0847
28991,102.34048,100.928125,102.28798,102.34048,102.664455,103.1693
28999,129.57048,129.49367,129.532425,129.57048,129.58936,130.024345
10610,89.77851,89.659495,89.690985,89.77851,89.78809,89.999245
19397,109.604685,107.0355,107.854605,109.604685,139.93163,184.92491
19396,125.18377,125.11177,125.157635,125.18377,127.48173,128.038495
19395,140.92505,140.7127,140.921655,140.92505,141.13601,141.17532
19394,101.25593,101.15012,101.1692,101.25593,101.256695,101.855415
19393,96.640695,96.6101,96.637315,96.640695,96.679915,97.00791
19391,109.894495,108.48259,109.314,109.894495,110.114765,111.5403
22260,119.214525,119.167055,119.202205,119.214525,119.21905,119.93879
16072,81.51911,80.72318,80.965115,81.51911,82.077325,83.73857
22268,93.228115,90.3926,91.54277,93.228115,93.676305,98.373305
25060,51.3506,51.00207,51.068685,51.3506,51.874085,52.21432
25067,76.757775,76.72488,76.73564,76.757775,76.765955,77.331345
25064,297.001855,295.813555,296.866765,297.001855,297.401025,298.458235
25069,31.66254,30.04495,30.848425,31.66254,32.05669,33.884525
17013,315.728055,315.718755,315.719575,315.728055,315.870955,316.381785
27376,113.80508,113.25645,113.67258,113.80508,114.00568,116.001805
27379,125.16659,123.914965,124.81371,125.16659,125.345275,126.039205
30708,102.178525,102.095905,102.09665,102.178525,102.354135,103.684545
25283,254.926195,254.856945,254.87924,254.926195,254.92893,255.27991
25280,302.51028,302.405495,302.43976,302.51028,302.51897,302.811365
25281,86.316665,85.579895,85.730985,86.316665,86.510465,87.1311
19972,61.814505,61.56793,61.69864,61.814505,61.858415,62.47247
19971,219.67238,219.54165,219.58476,219.67238,219.68314,220.256055
19970,210.994765,210.93343,210.99297,210.994765,211.00959,211.36882
274,92.371986,92.24757,92.279058,92.371986,92.385043,92.712979
32016,93.18376,92.695845,92.924685,93.18376,93.30663,93.468425
19975,111.191405,111.148455,111.168135,111.191405,111.45315,111.82031
19974,206.517995,206.36047,206.476405,206.517995,206.652275,207.78794
32019,133.09077,130.25248,130.92629,133.09077,134.851715,136.71897
16706,97.722435,97.47639,97.50068,97.722435,97.766565,97.7938
16701,95.2639,95.23362,95.24138,95.2639,95.309025,95.55234
16703,103.904575,103.65537,103.728495,103.904575,103.976685,104.423835
22484,121.310645,121.07144,121.17554,121.310645,121.40385,122.24027
22487,80.17714,80.118155,80.17041,80.17714,80.320475,80.643775
22480,89.748695,89.517635,89.559295,89.748695,89.79404,90.07434
12015,84.306935,84.250465,84.257425,84.306935,84.31666,84.7481
12014,129.225355,128.28466,128.728905,129.225355,130.110185,130.89509
12017,125.29049,123.96911,124.494625,125.29049,125.53897,126.404885
12016,43.34289,41.467775,41.628895,43.34289,43.848645,43.98275
22488,94.983005,94.563995,94.981205,94.983005,95.032065,95.150795
12012,17.74495,17.48029,17.57835,17.74495,18.64757,20.154975
4431,93.346579,93.242131,93.321235,93.346579,95.119123,96.972308
17250,120.72611,119.70829,120.507465,120.72611,121.67591,122.196485
10701,30.763775,29.94118,29.94981,30.763775,31.418165,48.52903
10704,33.035895,32.92526,32.930345,33.035895,33.10896,33.474215
24883,79.13296,79.0013,79.01371,79.13296,79.43594,79.496785
24882,97.917985,97.864225,97.909885,97.917985,97.96107,98.647275
24887,253.264015,253.241235,253.25203,253.264015,253.309235,253.722985
24886,97.548595,97.47602,97.516745,97.548595,97.616965,98.119835
24885,119.259,112.80558,113.21224,119.259,122.9606,130.239495
21614,153.337405,152.93487,152.99555,153.67926,153.85086
24889,91.44073,91.181765,91.396775,91.44073,91.622985,92.32716
26023,83.053985,83.014785,83.042285,83.053985,83.075925,83.393645
26028,103.74057,102.98526,103.511755,103.74057,104.326695,104.819685
31318,30.532115,30.32045,30.41215,30.532115,30.986495,31.712285
10890,98.067365,97.22525,97.67159,98.067365,98.37887,99.964045
22874,90.76507,90.692865,90.73773,90.76507,90.80448,91.162425
22870,75.93448,75.309265,75.90486,75.93448,76.097295,76.67954
22872,78.22386,78.19853,78.206825,78.22386,78.266225,78.63736
22873,89.70688,89.297105,89.66878,89.70688,89.711635,90.131005
24081,87.728945,87.641355,87.645535,87.728945,87.76425,88.19265
24080,106.867385,106.668495,106.706305,106.867385,106.900375,107.8708
22879,118.426675,117.961995,117.97472,118.426675,118.632465,118.857115
3513,89.727762,89.382929,89.668626,89.727762,89.770002,89.885202
3517,23.127557,23.088388,23.105285,23.127557,23.352581,23.572997
3515,100.609556,100.4429,100.466708,100.609556,100.666388,100.89602
2685,36.825608,36.41396,36.539144,36.825608,37.618184,44.653834
2681,86.448402,86.252561,86.342418,86.448402,86.596626,86.86389
2682,112.300054,112.14799,112.241686,112.300054,112.468247,112.513558
2683,119.056921,118.263576,118.806552,119.056921,119.788056,120.910872
14626,209.53874,209.405405,209.446715,209.53874,209.70826,211.624005
14623,245.18875,244.81716,244.943025,245.18875,245.228055,245.90532
14629,14.60115,14.58289,14.59608,14.60115,14.606945,15.082175
99,145.536797,145.392413,145.466909,145.536797,145.592861,145.986077
93,223.877421,223.852077,223.855149,223.877421,223.991085,224.298285
92,84.099857,84.080657,84.087569,84.099857,84.223505,84.471569
94,86.105105,85.845521,86.069777,86.105105,86.145809,86.89845
97,76.237071,75.854607,76.071183,76.237071,76.888335,77.579536
30411,125.507725,124.435995,124.725275,125.507725,125.527995,125.595445
30410,95.20152,95.135245,95.18334,95.20152,95.888085,101.25649
30413,89.6861,89.656095,89.674865,89.6861,89.70125,90.324025
30412,114.242195,112.536105,112.789565,114.242195,114.812795,118.775965
30414,101.423285,101.335455,101.42282,101.423285,102.04249,103.87814
30419,110.060375,109.570915,109.976145,110.060375,111.409505,111.69814
21733,120.644705,120.49822,120.615735,120.644705,120.673545,121.350015
13050,85.59688,85.480825,85.528595,85.59688,85.62198,86.718395
13051,221.97889,221.18341,221.807335,221.97889,222.02323,223.825305
13056,64.517165,63.812385,63.92296,64.517165,65.023305,65.96709
13057,118.061145,118.011075,118.026855,118.061145,118.170005,118.86085
13055,142.49731,142.480605,142.48742,142.49731,142.57935,143.133735
33507,95.835935,95.82057,95.83536,95.835935,95.84406,96.293435
33505,123.28176,118.1194,122.676535,123.28176,129.096575,139.24548
33854,116.52913,116.335825,116.43918,116.52913,116.564785,117.42284
33855,116.11389,116.105025,116.10614,116.11389,116.187155,116.42138
33856,213.74696,213.707815,213.718665,213.74696,213.81615,214.30729
33501,195.29266,192.058625,193.97938,195.29266,199.301085,201.040545
33508,150.749365,150.66258,150.744795,150.749365,150.75504,151.28493
17826,161.566275,160.97858,161.30984,161.566275,162.134735,162.81405
17825,121.837225,121.48384,121.794285,121.837225,121.97597,122.976755
17822,76.988045,76.747355,76.894375,76.988045,78.985205,80.35776
20252,201.71333,201.53916,201.629985,201.71333,202.41067,202.518775
20253,227.103605,226.8598,227.0326,227.103605,227.404745,227.505725
20250,96.03283,95.92411,96.00829,96.03283,96.122485,97.01917
27571,236.45032,236.315715,236.38189,236.45032,236.506825,236.96624
20257,90.141665,90.05474,90.11148,90.141665,90.165195,90.82093
29819,100.025035,99.5378,99.676775,100.025035,100.187425,101.913455
29817,230.73633,230.708425,230.73612,230.73633,230.84925,231.102365
29764,115.36366,115.1441,115.200165,115.36366,115.37134,115.935825
29814,279.02273,278.128635,278.67308,279.02273,280.259825,280.44416
29762,102.160635,101.3307,101.94245,102.160635,102.71604,103.00379
1174,86.377745,84.129041,85.813266,86.377745,86.406161,87.80853
23058,111.68756,109.113925,111.131815,111.68756,112.20937,113.703515
1171,14.605059,14.519043,14.592003,14.605059,14.645763,15.197187
23054,104.58114,104.561005,104.5677,104.58114,104.60496,105.301815
23050,124.392185,124.29176,124.36786,124.392185,124.44296,124.79506
1179,15.280131,15.238659,15.257859,15.280131,15.962884,21.17914
1178,137.595676,137.071132,137.3599,137.595676,139.96342,141.233692
27619,105.620095,105.015705,105.350105,105.620095,105.673915,106.778445
27613,94.848695,94.6721,94.712825,94.848695,97.195725,104.590425
513,126.758426,126.455066,126.574874,126.758426,126.899738,127.249178
27611,125.09572,123.49938,124.984715,125.09572,126.455925,127.356875
16890,118.109715,116.845795,117.24424,118.109715,122.23209,122.866225
29924,102.027705,101.433715,101.622725,102.027705,102.06478,102.749625
29430,195.733225,195.6541,195.68099,195.733225,196.01482,198.68433
31233,244.765565,244.44883,244.501435,244.765565,244.798365,245.643595
31235,100.010105,98.978265,99.20241,100.010105,100.36901,103.71266
1227,147.296286,146.959134,146.986014,147.296286,147.538974,147.569694
3433,169.634338,140.282908,149.09955,169.634338,178.662948,227.427118
12832,126.657605,125.634855,126.41884,126.657605,127.00252,128.79795
12830,119.208485,119.071025,119.16702,119.208485,119.396925,119.586515
34558,100.689405,100.38939,100.58517,100.689405,101.357805,175.309715
870,161.189408,161.148704,161.174049,161.189408,161.241633,162.124833
12834,112.35294,112.13566,112.13705,112.35294,112.437225,113.14583
627,105.51631,105.365014,105.413397,105.51631,105.936405,106.181397
12839,119.616775,119.522035,119.59224,119.616775,119.83854,120.018635
34557,104.56461,104.42591,104.50045,104.56461,104.620665,108.87657
34550,106.543945,106.406425,106.408675,106.543945,107.818345,128.86398
34553,103.940655,103.89677,103.93022,103.940655,104.77987,105.5108
26624,151.145305,150.71961,151.09851,151.145305,151.432825,151.615065
26627,102.1559,101.37219,101.908065,102.1559,102.46294,104.596285
26622,125.018305,124.994275,125.007835,125.018305,126.70801,133.042005
22414,113.29066,113.184105,113.24288,113.29066,113.49136,114.583295
629,105.894934,103.130133,103.291412,105.894934,107.031574,112.558871
4597,91.538707,91.362834,91.411987,91.538707,91.781395,92.410386
16887,217.039455,216.582555,216.895115,217.039455,217.59976,217.684325
10884,20.47545,19.862195,20.105565,20.47545,22.864605,23.000915
10885,109.867865,108.518685,109.060685,109.867865,111.5301,113.09169
10881,85.815155,85.551155,85.676075,85.815155,87.267495,88.883495
22675,56.871635,56.82341,56.864115,56.871635,56.87805,57.4271
22672,173.770755,173.216165,173.64531,173.770755,173.804285,173.9421
22671,220.623005,220.449975,220.577825,220.623005,221.124835,221.26737
26564,79.86145,79.74734,79.798775,79.86145,79.98979,80.05778
15551,125.211675,123.519795,123.92417,125.211675,126.22225,362.14928
31919,141.50826,134.4447,139.24478,141.50826,169.06094,173.8689
2315,103.931925,103.139349,103.507989,103.931925,104.508694,104.885782
392,153.882655,153.361951,153.441823,153.882655,154.286623,154.294303
390,121.747993,121.485337,121.599768,121.747993,121.928473,128.030234
396,91.575571,91.160851,91.163923,91.575571,91.626259,91.845138
395,106.887958,106.70671,106.835734,106.887958,107.01391,107.106838
394,13.514499,12.768003,13.330947,13.514499,15.859971,16.351491
22010,110.182055,109.61513,109.62251,110.182055,113.004525,113.361005
22017,106.457645,105.71151,106.32963,106.457645,107.03007,107.09913
22015,95.245525,95.12125,95.232115,95.245525,95.554615,95.932795
2309,119.582232,119.395609,119.465497,119.582232,119.69052,120.367128
2308,98.58818,97.814036,97.98914,98.58818,98.761748,100.181012
14724,110.803415,110.52527,110.694585,110.803415,110.813025,111.06134
31908,127.177615,125.542145,126.353745,127.177615,131.561895,161.523075
13614,63.906165,63.8719,63.89192,63.906165,64.027565,64.30224
13615,95.12975,94.83104,95.081335,95.12975,95.306925,95.451605
2303,101.041941,101.003541,101.011989,101.041941,101.085717,101.785364
31907,99.639385,99.38881,99.536875,99.639385,99.961395,100.321505
4721,208.606507,208.545833,208.590379,208.606507,209.086505,289.532218
4720,261.305908,261.25522,261.298996,261.305908,261.775924,279.417656
31902,113.34865,112.531055,113.34625,113.34865,113.57647,114.1024
2306,110.575894,110.38927,110.480662,110.575894,110.697239,110.78095
11289,96.31964,96.29447,96.31926,96.31964,96.3368,96.918975
16065,143.364695,138.22213,140.333785,143.364695,145.57495,155.572265
32226,77.258855,77.02589,77.20141,77.258855,77.26661,77.60935
19700,106.60799,106.45979,106.51389,106.60799,109.930325,110.72372
16061,105.71796,105.24688,105.54243,105.71796,105.79337,106.25452
32222,78.171625,78.123735,78.132175,78.171625,78.19877,78.64733
32223,93.69916,93.59861,93.670735,93.69916,93.837885,94.18382
11281,18.003515,17.770245,17.94566,18.003515,18.75905,19.00386
11280,101.395485,99.084435,100.85883,101.395485,103.457365,107.90026
11282,114.352545,114.258375,114.31502,114.352545,114.358195,114.94952
32228,91.294645,90.027355,90.77522,91.294645,91.415595,91.600065
11287,154.11319,154.048435,154.0758,154.11319,154.126405,156.02678
17620,39.53469,39.219755,39.23578,39.53469,40.41484,41.172565
17625,123.23534,123.194485,123.229835,123.23534,123.267995,123.916455
3749,129.029403,124.343834,128.559386,129.029403,131.943194,137.038876
17628,168.949645,168.8829,168.92787,168.949645,169.018175,169.70636
3742,105.247509,105.092373,105.173014,105.247509,105.257493,105.281301
3741,213.501739,212.645419,213.080107,213.501739,213.876523,229.714222
13531,145.60101,145.36091,145.41327,145.60101,145.840085,148.42669
4621,83.330321,83.228945,83.243537,83.330321,83.331857,83.816465
13533,124.626195,124.553735,124.577525,124.626195,124.626265,124.889055
13536,208.79154,208.69623,208.71783,208.79154,208.898825,209.12805
13539,152.086075,151.76969,151.83324,152.086075,152.13668,152.21035
4629,89.957394,89.153299,89.877522,89.957394,90.306834,91.299858
11754,260.80595,245.197955,252.21491,260.80595,271.29602,282.09595
11753,242.704095,242.64855,242.6888,242.704095,242.71945,244.432925
11751,173.188385,173.08115,173.14675,173.188385,173.29953,173.481795
11758,119.22619,118.991015,119.18171,119.22619,119.314675,119.640675
19560,99.11706,98.03981,98.913305,99.11706,99.20462,99.67573
14534,97.61854,97.545315,97.611015,97.61854,97.648995,98.121465
19563,103.395585,102.957485,102.99988,103.395585,104.356595,104.856195
19566,106.744275,106.62535,106.658895,106.744275,106.758365,107.202945
16395,89.468005,89.253635,89.35562,89.468005,89.63089,90.253695
19569,86.616905,86.45448,86.454515,86.616905,86.894425,87.197475
6269,113.516886,113.490042,113.505837,113.516886,113.559312,113.659518
20731,88.49682,88.461955,88.476565,88.49682,88.607145,89.222945
20733,63.003555,62.717945,62.860695,63.003555,63.22984,63.49127
20884,127.227435,127.174605,127.175395,127.227435,127.23908,127.512755
20883,145.74582,145.426785,145.54346,145.74582,145.88014,146.3216
20734,36.507565,36.26832,36.334815,36.507565,36.631655,37.105805
19853,94.10091,93.33584,93.838835,94.10091,94.93531,99.285375
20880,78.165175,77.879835,77.91385,78.165175,78.412875,78.9076
20738,110.198425,109.431835,109.589165,110.198425,110.73283,111.35155
13084,168.34217,167.80315,167.97976,168.34217,168.723545,169.34642
19275,25.37354,24.13725,25.26449,25.37354,31.79555,39.281985
13288,25.906755,25.36792,25.8082,25.906755,26.961445,28.215805
176,146.936861,146.843933,146.858525,146.936861,146.976797,147.545886
175,102.930452,102.892052,102.905876,102.930452,106.337302,110.002966
13284,86.89366,86.543715,86.88096,86.89366,86.98024,87.35188
13283,35.954275,35.29082,35.95063,35.954275,36.17233,37.49138
13282,84.80019,84.496035,84.515435,84.80019,85.27379,88.554815
13280,94.177615,92.58386,94.018045,94.177615,96.44739,97.529905
31162,88.95599,88.474835,88.562375,88.95599,89.07564,89.26453
11992,126.21227,126.02574,126.142415,126.21227,126.30985,126.753685
29658,131.76766,130.14539,130.92537,131.76766,133.123495,177.436585
22997,106.84973,104.4795,105.58097,106.84973,108.34849,109.518315
14166,89.068395,88.0984,88.21458,89.068395,89.12596,89.402605
12870,105.961855,105.2229,105.940555,105.961855,105.98636,109.135745
21283,112.47924,112.40099,112.4541,112.47924,112.49294,113.123005
21280,111.420325,110.893055,111.1519,111.420325,113.74562,114.766325
21286,131.114595,129.95774,130.93711,131.114595,133.140275,227.271265
21284,111.929785,111.895705,111.903,111.929785,111.932925,112.394035
21285,82.251865,82.12819,82.14041,82.251865,82.35703,82.80861
12244,99.356395,98.78345,98.81565,99.356395,100.016445,100.58119
10390,31.531905,30.22479,31.49958,31.531905,32.340695,37.3561
13086,90.458605,90.417755,90.43475,90.458605,90.48515,90.96875
10394,84.901205,83.28641,84.87714,84.901205,86.03675,93.17387
31168,112.150485,112.0114,112.150435,112.150485,112.92424,113.02701
16933,146.876555,146.686675,146.739315,146.876555,146.877205,147.26376
16930,91.67314,91.60373,91.608275,91.67314,91.694495,92.54488
16931,130.70973,130.511265,130.64107,130.70973,131.0413,131.041995
34428,97.624165,95.561125,96.561765,97.624165,98.88198,99.87867
12226,84.62885,83.73739,84.51259,84.62885,84.81937,85.03084
6216,30.092916,29.991517,30.08763,30.092916,30.09676,30.37842
6215,59.949327,59.932577,59.941058,59.949327,60.016311,60.57605
12225,93.143035,92.79247,92.88967,93.143035,93.349935,93.618325
6213,99.528068,99.491612,99.493187,99.528068,99.584365,99.903585
12223,87.8539,87.70563,87.782455,87.8539,87.92903,88.366885
12220,113.467365,109.68261,110.23248,113.467365,114.69763,115.73412
6210,91.255149,90.954078,90.99971,91.255149,91.334899,93.728017
19977,111.18697,111.11749,111.14002,111.18697,111.261505,112.784645
34384,117.279445,117.279445
6219,93.52761,93.426277,93.490359,93.52761,93.563706,93.787137
19976,76.65,76.537605,76.62155,76.65,76.67184,77.292385
15708,139.86715,135.932045,139.74957,139.86715,141.515135,141.91365
13542,107.68115,107.677305,107.67823,107.68115,108.10905,108.248645
15701,169.825775,169.74326,169.798735,169.825775,170.107015,170.162275
15702,107.534255,107.236555,107.32294,107.534255,107.83407,108.02545
277,95.045395,94.802707,94.972436,95.045395,95.208212,95.688979
29370,256.892585,256.70747,256.77751,256.892585,257.066585,257.76205
29376,96.495865,95.98835,96.16732,96.495865,96.51629,97.858965
29377,110.027105,107.495535,108.82682,110.027105,110.514155,111.248415
29375,105.636505,105.264185,105.334525,105.636505,105.710125,106.613835
10576,18.12166,17.42119,18.021445,18.12166,19.826465,20.46402
29379,35.92605,33.57867,35.145715,35.92605,36.173115,37.286725
24147,103.88152,103.601065,103.66746,103.88152,104.420675,115.4447
21424,90.994215,90.96527,90.98044,90.994215,91.085635,91.414905
24142,95.081355,95.032875,95.040715,95.081355,95.17887,95.417625
21423,126.32687,126.07241,126.151375,126.32687,126.68491,127.26781
18939,95.86448,95.788405,95.791515,95.86448,95.928795,96.091475
206,98.783252,98.642708,98.698772,98.783252,98.809364,100.171028
3871,128.49257,128.351258,128.401946,128.49257,129.80585,141.819676
30628,88.159075,85.15813,86.46647,89.85168,194.875955
11849,99.459645,99.011145,99.31908,99.459645,99.646845,99.81745
30623,94.065365,94.03752,94.04374,94.065365,94.071085,97.092025
30621,103.69084,102.97643,103.285875,103.69084,104.138295,107.303815
30626,117.939775,117.44233,117.650505,117.939775,118.555195,119.034505
30625,111.10072,110.75078,110.96687,111.10072,111.26381,112.32424
18530,131.81121,130.89661,131.43357,131.81121,132.436675,132.673975
17131,107.756745,107.144105,107.422935,107.756745,107.779625,108.418595
18824,84.8433,84.76996,84.80148,84.8433,85.084175,85.138305
11843,220.68061,220.6479,220.648945,220.68061,221.24818,221.729965
18823,112.81134,112.6201,112.63765,112.81134,113.11174,113.802125
18820,82.10307,82.006475,82.04932,82.10307,82.107725,82.335835
32093,111.683105,111.34481,111.374035,111.683105,111.6978,112.056535
33022,149.78754,149.666965,149.72778,149.78754,149.987625,150.618695
29596,114.473165,114.401945,114.458415,114.473165,114.49276,114.974595
33937,89.999105,89.923955,89.961355,89.999105,90.259355,90.7707
29594,40.58209,40.470505,40.520265,40.58209,40.775305,40.89249
29590,108.91446,108.651205,108.773155,108.91446,109.31611,112.356125
18312,103.35923,102.40123,102.45158,103.35923,103.49543,105.036815
24553,102.141795,101.91264,101.94785,102.141795,102.59308,102.633995
33934,111.901925,111.673205,111.767985,111.901925,112.01698,112.402545
24554,98.846735,98.75861,98.82161,98.846735,98.873875,99.3774
24559,104.58486,102.36835,102.912705,104.58486,105.303965,107.07027
14343,89.304195,89.269535,89.27699,89.304195,89.378795,89.393145
200,99.239444,99.039764,99.05666,99.239444,99.25634,99.565076
34913,100.97583,100.84195,100.932495,100.97583,100.982415,101.37874
18643,248.2256,248.05967,248.1483,248.2256,248.348495,248.638575
11119,102.199115,102.167535,102.188505,102.199115,102.238935,102.79187
11118,102.803975,102.73145,102.7782,102.803975,102.869005,103.42455
690,117.289751,115.987223,116.032535,117.289751,117.489432,119.595288
691,116.617751,115.180823,116.417304,116.617751,116.664599,116.980248
697,110.320918,110.287126,110.295574,110.320918,110.406934,142.940189
28359,196.15405,196.116325,196.1468,196.15405,196.15763,196.837145
28357,138.932565,137.910455,138.76748,138.932565,139.19708,139.214095
28356,86.13484,85.795305,85.92042,86.13484,86.25143,86.81496
698,127.266074,127.036442,127.168538,127.266074,127.281434,127.389722
699,114.821399,114.759959,114.774551,114.821399,114.909719,115.430424
28421,98.74989,98.535325,98.576835,98.74989,98.85899,98.96588
28352,146.78239,146.698725,146.72195,146.78239,147.12992,153.82471
28351,103.94942,103.432895,103.864005,103.94942,104.20892,105.12
11116,155.542375,153.95358,154.222085,155.542375,155.879205,156.4014
30335,86.359635,86.014575,86.11734,86.359635,86.470795,86.71227
30330,79.405965,79.28807,79.299595,79.405965,80.03106,82.77499
34304,20.580305,20.558605,20.57624,20.580305,20.595055,21.36779
34307,209.030315,208.323175,208.88879,209.030315,209.17599,209.619035
30333,161.41488,160.89304,161.18993,161.41488,161.78031,162.361085
34308,216.80326,216.5421,216.60916,216.80326,216.87895,217.270805
30338,221.906275,221.797615,221.882475,221.906275,221.956655,222.370525
31575,109.470325,108.75968,109.12779,109.470325,110.25363,112.528025
13843,101.558105,101.416465,101.472515,101.558105,101.65781,102.41253
13842,79.04775,79.0301,79.044645,79.04775,79.058195,79.586075
32863,107.45657,107.40848,107.43146,107.45657,107.508975,108.017785
30223,117.165185,117.119865,117.13977,117.165185,117.21995,117.80377
19101,133.9074,133.81895,133.856415,133.9074,134.191205,134.380395
32864,107.399115,107.363745,107.395125,107.399115,107.429685,108.258275
34542,99.69242,99.59758,99.656175,99.69242,99.791345,102.068285
35218,107.726485,107.70089,107.709255,107.726485,107.745705,108.174525
35219,147.37287,147.18064,147.310705,147.37287,147.487715,147.710535
20745,101.00603,100.937365,100.98062,101.00603,101.11816,101.72516
35214,224.873195,224.555535,224.69106,224.873195,224.894215,225.143735
23264,117.019435,116.99267,117.011515,117.019435,117.11064,117.334245
23262,114.960665,114.90672,114.95157,114.960665,114.98074,115.260935
11560,157.213785,157.143885,157.15836,157.213785,157.306255,157.84658
11561,124.92254,124.8799,124.89107,124.92254,124.92588,125.297705
11562,113.62969,113.50105,113.618485,113.62969,113.686025,114.176995
11563,87.686715,87.63432,87.66784,87.686715,87.747575,88.25696
23268,105.064545,104.95673,105.04907,105.064545,105.070585,105.681915
17035,93.67939,93.23211,93.28428,93.67939,94.068525,94.116175
17036,85.69264,85.00702,85.57819,85.69264,85.96331,87.108275
4669,94.656019,94.606099,94.639123,94.656019,94.697491,95.766548
22247,116.768525,115.370435,116.165675,116.768525,117.91366,118.32446
14529,91.42286,91.32493,91.327655,91.42286,91.45275,92.312235
22242,251.56589,251.543085,251.565555,251.56589,251.784865,251.810445
25049,140.8519,140.446145,140.58537,140.8519,141.122965,141.146055
25738,164.015905,163.89359,163.94235,164.015905,164.122515,164.37504
25737,29.1046,28.69029,29.041355,29.1046,29.352605,29.59919
25043,207.22362,206.28828,206.426385,207.22362,208.1035,214.62794
25731,78.467985,78.44811,78.44961,78.467985,78.48618,78.82091
1252,90.199314,89.80917,89.90133,90.199314,90.259986,90.305298
34547,101.60126,101.34741,101.471035,101.60126,101.679415,102.250285
27398,96.15826,95.053265,95.416935,96.15826,100.149135,106.211285
27394,96.231725,96.009045,96.131405,96.231725,96.530625,96.66428
27391,110.64061,110.19239,110.62287,110.64061,110.651945,111.059795
2792,94.976275,94.969363,94.973203,94.976275,95.009299,95.29346
19328,87.91977,87.876165,87.89805,87.91977,87.9294,88.374575
34920,166.17623,165.95296,166.156955,166.17623,166.26975,166.37336
258,167.595298,157.307936,167.426338,167.595298,177.526308,183.840037
19329,81.993685,81.92369,81.98732,81.993685,82.02179,82.5931
32071,167.74418,167.5898,167.613955,167.74418,168.403985,169.382875
32070,87.27474,87.19638,87.236325,87.27474,87.78813,98.687465
16233,84.55953,84.492165,84.49268,84.55953,84.631845,85.090705
16720,99.199135,99.133295,99.196395,99.199135,99.262325,99.92142
16235,115.64066,115.532165,115.577635,115.64066,115.972445,116.256705
16234,156.94775,155.930555,156.467255,156.94775,157.090505,158.00144
32077,134.65129,134.3963,134.575725,134.65129,135.65884,135.94652
32076,116.85583,116.7745,116.81452,116.85583,116.871735,118.171605
12038,114.43634,114.37254,114.377355,114.43634,115.047175,115.25045
12032,127.130685,126.63074,126.953145,127.130685,127.21942,127.92528
12031,82.015125,81.928625,82.003685,82.015125,82.12919,83.85663
12036,220.823065,220.7432,220.746495,220.823065,220.85679,221.292225
12035,72.72206,72.622335,72.71261,72.72206,72.75133,73.215355
12034,102.095885,101.9472,102.088045,102.095885,102.09621,102.78387
34544,113.282605,112.590805,113.180335,113.282605,114.46265,121.638085
19320,81.48914,81.47079,81.47208,81.48914,81.52202,81.773005
32606,132.18581,132.13187,132.18462,132.18581,132.33499,132.792985
21638,261.104595,261.052475,261.05332,261.104595,261.30337,262.13741
19324,29.57973,27.865285,29.23611,29.57973,30.343515,36.39065
21632,283.933825,280.45744,282.645625,283.933825,285.35967,287.24725
21636,213.420285,210.607865,212.092935,213.420285,215.999055,216.77081
28877,152.567635,150.51499,152.068815,152.567635,154.96953,156.00098
3683,3.344641,3.283201,3.333889,3.344641,3.423745,3.453697
3682,151.40355,151.250718,151.34595,151.40355,151.885086,152.010271
3680,96.97538,96.89474,96.963859,96.97538,97.036051,97.337108
3687,90.49653,90.39669,90.457362,90.49653,90.726162,90.918931
3686,20.231428,19.930372,19.97722,20.231428,23.890949,24.703493
3685,77.04808,76.41448,77.035792,77.04808,77.169423,77.469712
2518,83.163665,82.982417,83.00776,83.163665,83.241233,83.814929
2519,95.924756,93.891091,94.258195,95.924756,95.94626,96.156692
2515,92.77365,92.606994,92.754451,92.77365,92.798995,93.394195
2516,80.434192,80.387345,80.412688,80.434192,80.434961,81.104656
2517,95.683603,95.672083,95.682835,95.683603,95.733523,96.331796
2510,120.970008,120.834072,120.8886,120.970008,121.193496,121.784089
16256,94.13775,92.35554,93.63956,94.13775,96.416785,98.292205
22812,104.16773,104.1254,104.135265,104.16773,104.171335,104.794975
22813,173.03202,172.931665,172.987785,173.03202,173.04884,173.48587
22814,77.726535,77.12593,77.38586,77.726535,78.946275,79.31793
3539,127.930394,127.891994,127.921946,127.930394,127.935002,128.848154
3538,90.064146,89.89749,90.05877,90.064146,90.110226,90.462738
22524,83.50794,83.488365,83.495115,83.50794,83.511225,84.10625
19234,106.278005,105.911995,106.141915,106.278005,106.375005,106.728775
10760,95.399815,95.25336,95.32239,95.399815,95.449155,98.01554
22520,108.445155,108.38492,108.44284,108.445155,108.47657,108.958235
10767,119.801305,119.73539,119.73901,119.801305,119.86113,120.362385
14866,95.53791,95.417485,95.43515,95.53791,95.552905,96.630725
18891,231.03977,230.39521,230.60359,231.03977,231.17257,231.245855
18890,87.2213,87.118255,87.143455,87.2213,87.363,87.636405
18897,14.752455,14.71023,14.72609,14.752455,14.754155,15.21177
18896,64.59217,64.36268,64.52967,64.59217,64.98466,65.712605
18895,208.87331,208.801715,208.813015,208.87331,208.886045,209.51586
18894,151.69259,151.66813,151.673205,151.69259,151.73751,152.125985
18544,106.95769,106.85571,106.91332,106.95769,106.97316,107.801265
18898,5.346485,5.15441,5.222395,5.346485,5.416115,5.757345
13070,63.734965,63.520635,63.561095,63.734965,63.743105,64.18821
13071,107.542685,106.348685,106.4563,107.542685,107.87036,108.95316
13072,94.680185,94.629635,94.6506,94.680185,94.758285,94.995275
13073,142.46059,141.936305,142.119695,142.46059,142.998775,143.174145
13074,142.23202,141.539325,141.925735,142.23202,142.29592,143.43846
26458,132.738445,132.71757,132.722775,132.738445,132.7464,133.136485
13077,89.653485,86.6745,87.162555,89.653485,91.29639,93.91343
30437,72.550405,72.04215,72.115365,72.550405,73.07917,73.753445
13079,105.245965,104.09424,104.476535,105.245965,114.36012,116.83456
30434,99.76312,99.2854,99.6255,99.76312,99.764945,101.103
30432,13.059095,13.03169,13.044275,13.059095,13.07217,13.572215
30430,84.008705,83.73329,83.77243,84.008705,84.24166,84.316175
33336,89.674655,89.64531,89.65918,89.674655,89.811945,90.312295
33529,82.559885,82.30325,82.369905,82.559885,82.78154,83.0176
18761,217.91489,213.803115,214.42386,217.91489,218.34825,218.643845
33526,158.56514,158.52369,158.54995,158.56514,158.588825,159.06177
33527,169.27686,166.64097,168.831675,169.27686,169.814795,173.80432
18765,111.93709,111.88241,111.90433,111.93709,112.473665,112.83278
33521,85.04628,84.919205,84.988285,85.04628,85.141055,85.75756
18095,20.645685,20.57696,20.587405,20.645685,20.689895,20.91087
18766,102.13209,102.117695,102.129445,102.13209,102.255765,102.77125
20273,38.554785,33.58633,34.344445,38.554785,38.614875,83.96264
27555,176.929815,176.513185,176.88941,176.929815,177.462595,178.12921
27801,117.099835,116.97009,117.0467,117.099835,117.14021,117.34505
27558,61.111025,60.408265,60.80894,61.111025,62.032155,62.27083
20279,196.984485,196.95371,196.959865,196.984485,197.056565,197.680275
10185,81.68857,81.57322,81.65219,81.68857,81.708945,81.88366
10184,126.54048,126.319565,126.40625,126.54048,126.557505,127.20953
10181,89.794925,89.571595,89.77951,89.794925,90.56119,91.487675
10180,82.92812,82.749195,82.85345,82.92812,83.213155,83.699875
10189,95.30615,95.129025,95.13285,95.30615,95.36108,96.57577
10188,121.485615,115.546445,118.60017,121.485615,122.44469,129.89313
29298,91.09116,90.955515,90.961285,91.09116,91.24507,91.65475
29748,115.44563,114.318925,115.005815,115.44563,116.24709,122.89819
29290,116.87961,116.834875,116.835775,116.87961,116.883725,117.1868
29741,98.90383,98.761305,98.85431,98.90383,99.11945,99.670255
29740,121.78473,118.796605,119.8408,121.78473,144.310885,146.737845
29297,154.11232,153.74071,154.10513,154.11232,154.4312,160.005125
29296,237.92736,237.74274,237.84055,237.92736,238.65779,239.40487
1157,82.838032,82.382608,82.709008,82.838032,82.950928,83.121425
23077,41.78476,41.472595,41.59089,41.78476,42.55692,43.55848
23076,114.57239,114.51383,114.548435,114.57239,114.62119,115.276595
23074,36.50886,36.4244,36.460295,36.50886,36.707975,36.92883
30293,53.174105,52.31382,52.903855,53.174105,53.754485,55.296375
30292,87.86418,87.62753,87.721305,87.86418,88.405235,88.48422
30291,214.60126,214.52398,214.53842,214.60126,214.677865,214.99656
30297,81.56656,80.93731,81.1322,81.56656,81.70571,82.241115
19355,112.457335,112.38953,112.43696,112.457335,112.468985,113.04572
29126,91.149185,84.845355,88.99339,91.149185,93.16764,97.91407
29125,242.05633,242.007035,242.04284,242.05633,242.07555,242.678365
28027,109.43506,109.254585,109.32669,109.43506,109.49306,110.03916
29120,217.62748,217.537605,217.59472,217.62748,218.0827,218.530755
14744,109.025655,108.84108,108.848635,109.025655,109.03523,111.16841
29128,76.05021,75.69685,75.996845,76.05021,76.557415,77.79103
31749,112.096585,111.529055,111.996365,112.096585,112.6899,113.007195
31746,115.910905,114.57053,115.064085,115.910905,117.917615,117.957795
31744,104.92602,104.85817,104.865485,104.92602,104.93745,105.673985
31213,127.024725,126.68157,126.83394,127.024725,127.061975,127.501545
31742,138.28678,128.88396,132.181245,138.28678,144.509955,145.8451
31215,84.775985,84.69646,84.75854,84.775985,84.81614,90.88409
31741,85.29786,85.248815,85.254405,85.29786,85.32462,85.83188
34538,107.380505,107.349695,107.37577,107.380505,108.056825,108.4594
34539,101.317415,100.370345,100.62593,101.317415,101.695295,102.06192
12851,124.882065,124.0956,124.603255,124.882065,125.31113,126.94633
12582,126.69994,126.67402,126.69255,126.69994,126.86524,127.3758
12853,49.97381,49.51684,49.664325,49.97381,50.38142,50.426735
34536,141.66291,141.63714,141.63997,141.66291,141.666985,142.382935
34534,105.73591,104.917695,105.059865,105.73591,105.995545,106.952875
12584,115.753635,115.6777,115.748785,115.753635,115.782505,116.145375
26602,109.73958,109.22586,109.226255,109.73958,109.817815,110.40132
12105,65.605185,65.484185,65.48715,65.605185,65.78191,66.351155
24086,96.18331,96.144705,96.158675,96.18331,96.29002,97.056295
22651,236.35331,236.150785,236.32215,236.35331,236.3641,236.7262
22652,223.06208,222.9572,223.056645,223.06208,223.115205,223.842615
22388,165.234125,163.78404,164.189995,165.234125,166.39316,167.3348
29005,229.29726,228.98698,229.17725,229.29726,229.687205,230.06691
22382,9.66443,9.108705,9.356275,9.66443,10.09418,10.210125
22386,96.18115,96.17782,96.177925,96.18115,96.243095,97.287295
22384,103.321545,102.544165,102.70817,103.321545,103.468715,104.620085
4299,95.670548,95.028499,95.32034,95.670548,95.718164,95.917075
4298,110.541334,109.737238,109.818646,110.541334,110.656534,110.958358
12103,83.93552,83.295195,83.590155,83.93552,84.63614,85.23469
4290,143.867933,138.758428,141.573149,143.867933,144.417821,160.775456
13982,116.06171,115.22099,115.3024,116.06171,116.17006,118.94433
4292,116.799,116.66844,116.700696,116.799,116.858136,117.189144
28656,130.142055,129.872295,129.962335,130.142055,130.48634,130.5566
23383,99.54816,99.48857,99.548015,99.54816,99.639585,100.21616
28652,100.6386,99.98398,99.99409,100.6386,101.52298,104.04168
23387,104.424185,104.20201,104.239015,104.424185,104.811105,104.927075
28651,88.534375,88.136885,88.49128,88.534375,88.62105,88.65213
24765,268.23143,267.755135,268.03065,268.23143,268.374805,268.84287
22034,103.428675,103.069115,103.417955,103.428675,104.480025,105.287255
22036,103.863675,101.5255,103.54056,103.863675,105.594255,107.448345
22037,86.197645,86.08071,86.10836,86.197645,86.3001,86.391655
22038,152.53974,150.848585,151.539305,152.53974,153.01147,155.986225
1320,92.839699,92.774419,92.827411,92.839699,92.845075,93.292051
6204,80.127679,80.062427,80.079978,80.127679,80.1338,80.498102
13679,99.16233,98.67466,98.877075,99.16233,99.177705,99.62472
12234,92.99079,92.78896,92.84926,92.99079,93.007855,93.17969
31962,92.90139,92.79945,92.84185,92.90139,92.92006,93.23105
4741,94.367251,94.270483,94.325011,94.367251,94.377235,95.569939
4740,109.923862,109.624342,109.82863,109.923862,109.981462,111.009814
13676,14.326935,14.007845,14.28189,14.326935,15.185685,36.017705
4746,123.180312,122.797081,123.166489,123.180312,123.307033,124.078105
4745,102.777621,102.138645,102.528789,102.777621,102.790677,102.877461
16002,68.405815,68.004635,68.330875,68.405815,68.446525,68.85032
16000,106.73417,106.71524,106.719325,106.73417,106.73656,107.303965
12236,142.72062,142.242235,142.413525,142.72062,142.893135,143.481535
32246,81.114805,81.065365,81.113315,81.114805,81.290695,81.83254
16007,105.494365,105.135305,105.481945,105.494365,106.31905,106.534395
16005,59.972705,57.893165,58.777435,59.972705,60.70239,66.70475
32249,84.18752,83.90027,83.968625,84.18752,84.236425,84.955815
17609,102.685415,102.68162,102.684815,102.685415,102.70564,103.144725
21414,94.44699,93.90485,94.17228,94.44699,94.95134,95.42033
17607,116.583095,116.501665,116.518065,116.583095,116.60405,116.89156
17606,136.913795,135.99351,136.674795,136.913795,137.052105,138.08239
17605,86.731245,86.595705,86.64227,86.731245,86.92307,87.406525
17356,231.69219,229.97351,230.83199,231.69219,232.09446,238.430075
17603,104.626345,102.931915,103.63819,104.626345,104.746985,106.07335
17601,94.79978,93.712185,94.666845,94.79978,95.050195,96.391635
25387,282.053745,282.000625,282.005715,282.053745,282.519265,286.725695
25386,28.29,28.26146,28.26649,28.29,28.307325,28.830575
2181,89.151763,88.713234,88.753938,89.151763,89.359889,89.399059
2187,106.239766,106.222102,106.236694,106.239766,106.25743,106.612246
13518,77.57596,77.528665,77.56617,77.57596,77.58383,77.982455
2189,83.895569,83.857169,83.866385,83.895569,84.155153,84.845585
13514,15.94983,15.92306,15.936905,15.94983,15.968765,16.786465
4602,86.400018,84.584465,86.321682,86.400018,92.629267,107.335702
4600,88.359954,88.055059,88.26933,88.359954,88.471314,89.330706
4601,102.205461,102.168597,102.197013,102.205461,102.434325,102.891285
23920,109.159225,108.679265,109.013675,109.159225,111.73649,113.703105
6208,54.845058,54.786676,54.841013,54.845058,54.852343,55.236286
23928,111.314475,111.219505,111.288615,111.314475,111.320925,111.95829
12238,84.431065,84.387965,84.41249,84.431065,84.571155,84.86397
19587,123.620995,123.52402,123.587775,123.620995,123.63069,124.2399
153,115.142424,114.796824,114.897432,115.142424,115.882776,132.787227
154,102.849045,102.797589,102.799893,102.849045,103.461909,103.977237
157,100.138004,99.059732,100.084244,100.138004,101.412884,113.849111
159,100.342292,100.005908,100.123412,100.342292,100.45058,100.905236
20716,128.267895,128.235835,128.24199,128.267895,128.2738,128.73338
20867,25.58105,24.714845,25.53817,25.58105,25.71739,25.932225
20711,102.804205,102.724445,102.745405,102.804205,102.82432,103.38068
2234,108.260374,108.025366,108.230422,108.260374,108.65743,130.757403
25560,99.548065,99.50091,99.51181,99.548065,99.75805,100.354945
30919,98.02187,96.91572,97.040305,98.02187,99.462815,100.07953
6187,215.643197,215.487833,215.593059,215.643197,215.677147,215.984115
6186,87.326844,87.296702,87.313583,87.326844,87.332989,87.849155
6185,95.020651,94.952201,94.986615,95.020651,95.121792,95.146177
6184,266.036051,266.012237,266.031387,266.036051,266.076278,266.265337
6183,95.552364,95.446347,95.505694,95.552364,95.649446,95.708798
6182,82.258875,82.233748,82.250694,82.258875,82.28568,82.601261
6181,104.27454,104.212646,104.223926,104.27454,104.305741,104.639265
6180,100.168036,100.155756,100.155935,100.168036,100.201264,100.420056
13914,187.2772,186.60053,187.220955,187.2772,187.375555,187.58427
6189,77.162957,77.100238,77.150327,77.162957,77.189415,77.3189
6188,114.720998,114.707943,114.713629,114.720998,114.731319,115.07488
2720,88.260114,87.89301,88.210962,88.260114,88.459025,89.515793
2729,124.979737,124.101913,124.439833,124.979737,126.316058,126.591002
15712,108.62533,108.344555,108.55729,108.62533,108.726265,109.494405
31927,98.70689,98.618595,98.64732,98.70689,98.730905,99.05762
10377,30.438125,29.81046,30.218295,30.438125,31.26347,31.61088
28544,91.76281,91.61064,91.695855,91.76281,92.09312,92.2257
10371,8.756885,8.56078,8.6437,8.756885,9.12963,9.438595
29360,81.79314,81.714765,81.72914,81.79314,81.9078,82.307175
16914,82.312565,82.171695,82.243145,82.312565,82.368945,82.62431
16917,96.736055,96.434355,96.607515,96.736055,97.434505,97.456525
12208,187.487975,187.43932,187.487905,187.487975,187.524685,188.04668
12209,152.34196,152.216545,152.289395,152.34196,152.47026,152.874725
6235,113.354343,113.259079,113.314597,113.354343,113.452275,113.637006
12205,275.677295,275.38225,275.587385,275.677295,276.214525,276.74423
6237,82.662879,82.576875,82.625758,82.662879,82.67958,83.069341
12207,245.207975,245.17878,245.191725,245.207975,245.22564,245.617565
6231,12.377302,12.204176,12.297735,12.377302,12.491527,12.78401
6230,222.125368,222.083827,222.117858,222.125368,222.17745,222.624443
6233,205.637362,205.371422,205.616447,205.637362,205.787026,205.8395
12203,206.233545,206.17937,206.18325,206.233545,206.23806,206.63518
10518,38.31671,37.15005,38.20449,38.31671,38.547425,38.69859
10510,216.061035,215.914135,216.000445,216.061035,216.28891,217.905445
10514,96.698575,95.97943,96.568465,96.698575,96.884865,96.90186
10515,43.16181,40.857255,42.87459,43.16181,44.18498,46.80504
18952,130.755355,130.539195,130.73069,130.755355,130.82404,131.349245
14983,94.29619,93.23758,93.670445,94.29619,95.144025,96.045375
21408,99.70476,99.68557,99.701325,99.70476,99.735085,99.94629
21409,115.37199,115.036465,115.249065,115.37199,115.74367,116.073625
14986,95.331835,95.24436,95.313995,95.331835,97.031055,98.87224
21404,105.747655,105.56332,105.60694,105.747655,105.8653,106.098315
18959,114.24052,114.21431,114.234485,114.24052,114.28165,114.74111
818,85.320209,84.513041,85.124369,85.320209,85.463057,85.744913
810,97.366292,96.700435,96.802579,97.366292,97.64738,97.873172
812,104.256021,104.126229,104.232981,104.256021,104.325141,105.135381
813,174.616355,174.597156,174.60714,174.616355,174.64938,175.405091
814,77.960464,77.640208,77.786896,77.960464,78.325264,86.461458
815,224.039469,223.550253,223.786797,224.039469,225.202989,225.62923
817,82.13608,81.870352,81.960976,82.13608,82.161424,82.791185
26834,132.49264,131.967685,132.18251,132.49264,134.57237,135.88291
26831,151.3927,143.51059,150.85466,151.3927,152.8153,159.503785
26838,124.37675,124.297045,124.304485,124.37675,124.492005,125.182645
24157,95.44463,95.38927,95.391835,95.44463,95.465615,95.82176
35031,34.096755,31.89736,32.855405,34.096755,35.156,36.81774
35032,44.04871,43.336985,43.73816,44.04871,44.82178,44.84373
14183,209.745215,209.51112,209.56785,209.745215,209.746335,209.983165
14184,209.60945,209.408545,209.437985,209.60945,209.690675,210.06623
15857,201.91881,201.61247,201.840895,201.91881,202.06946,202.518445
15852,87.763205,87.435835,87.613615,87.763205,88.105175,88.343925
2093,285.785146,285.765178,285.777466,285.785146,286.149178,287.136057
14325,250.91922,247.875775,249.85599,250.91922,251.846675,252.453395
14324,40.541875,39.798325,40.31229,40.541875,40.7896,51.96464
14454,263.522815,263.176535,263.33995,263.522815,263.526485,264.552355
33951,116.820615,116.73473,116.78033,116.820615,117.37206,117.445325
33950,103.67697,100.331615,102.285075,103.67697,118.94223,122.397725
33953,97.54699,97.44296,97.53505,97.54699,97.658865,97.79734
33952,94.439585,94.38152,94.43495,94.439585,94.472775,95.07591
24577,91.87813,91.6459,91.86474,91.87813,91.894525,93.230255
14328,83.26233,82.911195,82.96217,83.26233,83.498015,84.098305
18379,114.436975,114.163725,114.237775,114.436975,115.21715,115.266935
19817,94.15409,94.09894,94.138695,94.15409,94.24449,94.733295
3029,185.566502,185.397541,185.485861,185.566502,185.772326,186.921254
3026,120.38556,119.461657,119.481624,120.38556,120.470808,120.844057
3025,144.83715,144.721181,144.752669,144.83715,146.166558,146.685725
28400,89.343175,89.21671,89.304635,89.343175,89.404335,90.08158
28407,102.013215,101.96414,101.98922,102.013215,102.08198,102.16924
28405,104.10764,103.138215,104.004175,104.10764,104.20363,104.66146
28404,91.391265,91.237315,91.31514,91.391265,91.400345,91.9522
15582,122.197205,121.51998,122.047235,122.197205,122.261365,122.447265
34982,99.947955,99.726815,99.88536,99.947955,100.01288,101.09427
30602,87.524265,87.265045,87.30854,87.524265,87.967405,89.087605
34980,108.218335,108.186585,108.19463,108.218335,108.233805,108.496925
34987,89.227675,88.139295,88.321805,89.227675,89.719365,89.80214
34986,161.24906,160.536685,160.74398,161.24906,161.39038,161.45171
30354,70.88579,70.536565,70.6656,70.88579,72.649115,77.649795
30355,134.138315,133.93184,134.05193,134.138315,134.570895,134.668075
34327,100.26912,99.97163,100.26057,100.26912,100.50137,101.33408
34326,86.28779,86.19679,86.257525,86.28779,86.91333,86.98221
32133,110.883595,110.683605,110.74732,110.883595,111.15829,111.90835
34323,147.85745,147.759135,147.78087,147.85745,147.948785,148.332565
34322,229.96663,228.439585,229.433935,229.96663,230.447505,231.61375
31551,113.11986,112.169055,112.61388,113.11986,113.64799,113.71535
31550,99.07356,99.062105,99.06484,99.07356,99.251925,99.832895
31557,107.581405,106.342905,107.17617,107.581405,108.60645,109.110935
31556,78.61408,78.592285,78.61201,78.61408,78.643615,79.24493
35058,112.902365,112.706745,112.737175,112.902365,113.24785,114.466175
31554,104.48456,104.001555,104.41703,104.48456,104.48617,104.698605
13867,105.665015,102.87979,104.87013,105.665015,106.66848,109.66875
31004,107.98442,107.775395,107.79562,107.98442,108.05528,109.26835
31559,27.878195,27.47096,27.563585,27.878195,27.96376,28.87311
13864,13.349225,13.196305,13.334095,13.349225,13.403115,13.776325
4192,134.406939,131.89097,131.987738,134.406939,143.859485,145.453085
13862,103.389215,103.14359,103.18444,103.389215,103.59777,103.99177
4190,83.760401,83.734289,83.739665,83.760401,83.787281,84.586001
35051,125.855365,125.762345,125.796925,125.855365,125.86131,126.35623
19513,3.17618,3.164725,3.168805,3.17618,3.196455,3.76458
19656,80.395785,73.4573,75.89569,80.395785,86.04525,87.61692
3955,146.803998,146.73027,146.732574,146.803998,146.808606,147.37923
34188,38.69314,38.52101,38.533265,38.69314,39.015295,39.07525
33676,183.5121,183.42428,183.489415,183.5121,187.77829,188.217155
34182,110.63878,110.596035,110.60005,110.63878,110.68053,111.079635
34181,124.96949,124.471775,124.681825,124.96949,125.02961,125.980685
34180,70.68328,67.071865,69.48818,70.68328,72.043315,75.20745
30095,112.00156,111.99308,111.998855,112.00156,112.046185,112.367705
35279,32.63252,32.258075,32.537115,32.63252,33.16165,33.248085
35273,112.08816,111.93144,111.97721,112.08816,112.13604,112.882415
35271,150.86022,150.83299,150.84442,150.86022,150.870745,151.589945
35277,224.587445,224.19063,224.329735,224.587445,225.063785,225.947425
35275,155.551475,155.483275,155.539215,155.551475,155.57532,156.074605
18700,138.502615,138.451125,138.475395,138.502615,138.504895,138.95061
23248,87.18752,87.121045,87.147745,87.18752,87.327635,87.513485
23249,101.69633,100.92395,101.62217,101.69633,102.896275,103.110085
23719,123.0017,122.883435,122.95075,123.0017,123.315305,123.460305
23244,92.754185,92.37758,92.73454,92.754185,92.96791,93.349575
33502,38.419,38.05982,38.25534,38.419,39.259275,39.413835
23714,32.372355,29.64592,30.567635,32.372355,33.059755,33.10381
23188,108.343105,108.26262,108.338705,108.343105,108.347165,108.80033
23713,208.634745,205.270525,207.771525,208.634745,208.80174,215.45873
33503,162.126945,161.797985,162.02435,162.126945,162.365595,162.62514
30974,88.795455,88.594815,88.739605,88.795455,88.82997,89.70868
12445,109.36714,108.39706,109.04706,109.36714,110.700495,110.7565
30972,102.66434,102.44716,102.574275,102.66434,102.84962,103.311995
12443,20.69235,20.33748,20.582355,20.69235,21.10331,21.79944
15320,100.06437,99.89891,99.90322,100.06437,100.266955,100.909605
12441,250.40676,250.34878,250.40364,250.40676,250.458495,251.276425
27004,9.783415,7.352225,8.639755,9.783415,12.21775,16.206915
30978,96.256755,95.1658,95.370875,96.256755,98.64779,103.894375
12449,91.93755,91.702135,91.76586,91.93755,92.016335,92.358145
32580,17.273975,16.618275,16.98183,17.273975,17.97825,25.21617
30636,208.33469,208.22017,208.242415,208.33469,208.3632,208.99728
32585,84.50304,80.26092,81.333065,84.50304,91.71368,108.93361
32586,37.55944,36.08204,37.01585,37.55944,40.253895,41.82508
13206,105.79535,105.60956,105.659205,105.79535,105.893525,106.82363
16741,121.04112,120.0114,120.60472,121.04112,121.78369,164.05158
32724,177.910515,177.82932,177.859475,177.910515,178.044325,178.499495
32726,91.70643,91.602365,91.659675,91.70643,91.71761,92.412275
19241,142.543065,141.887215,141.96681,142.543065,143.41335,151.258705
16212,115.77265,115.761695,115.7668,115.77265,115.80326,116.16146
16747,110.739485,110.342975,110.43465,110.739485,111.93207,120.282625
32722,171.65013,171.576145,171.590095,171.65013,171.675025,172.2665
32729,98.282145,95.290325,96.67509,98.282145,98.89428,100.19989
19248,86.247715,86.096925,86.18373,86.247715,86.87276,86.928265
12053,81.183645,81.070475,81.13853,81.183645,81.42811,81.957925
239,157.019168,156.923936,156.989216,157.019168,157.1336,160.003616
234,148.786205,148.566559,148.632606,148.786205,152.308254,653.015171
27925,250.07461,249.903655,249.95455,250.07461,250.201185,250.857215
25714,106.533825,106.281195,106.348305,106.533825,106.65192,107.03506
25717,99.15913,98.89165,99.068765,99.15913,99.33144,99.387185
25711,93.28169,93.19928,93.236745,93.28169,93.30407,93.651665
25712,110.855275,109.42297,110.69227,110.855275,111.50945,112.8735
25718,163.309335,162.308465,162.388605,163.309335,163.703005,170.08054
21653,113.397945,112.94245,113.113525,113.397945,113.745365,114.82705
21655,177.39651,177.35242,177.38128,177.39651,177.420255,177.87359
21870,155.943085,155.750435,155.92431,155.943085,156.30305,156.303465
21658,100.277985,99.96816,100.20722,100.277985,100.41766,100.637915
26066,112.99865,110.180835,112.625035,112.99865,113.61343,119.389075
26065,109.012235,107.84055,108.82118,109.012235,110.5632,111.05633
19310,100.57165,100.316105,100.53738,100.57165,101.05361,101.46987
2538,89.04501,88.763922,88.916754,89.04501,89.054226,89.618706
2539,120.744984,120.134424,120.402456,120.744984,121.4838,121.594392
2532,110.279446,110.194198,110.195734,110.279446,110.394646,110.496022
2533,102.663189,102.604052,102.63938,102.663189,102.668564,103.421205
2536,97.95074,97.744916,97.840148,97.95074,98.714131,100.003604
2537,94.453267,93.970195,94.139923,94.453267,95.055379,98.075156
2535,85.71189,85.269522,85.271058,85.71189,85.818641,86.060562
4187,123.965977,123.946777,123.953689,123.965977,123.994393,124.495129
22839,83.270045,83.167255,83.17288,83.270045,83.332625,84.235065
17163,92.29507,91.566055,92.2372,92.29507,92.309175,92.52774
939,90.243858,90.22389,90.237714,90.243858,90.265362,90.456594
938,112.69711,111.930647,112.197143,112.69711,113.592599,115.019544
10748,103.972495,103.853165,103.919795,103.972495,103.973115,104.59574
933,105.839638,105.764374,105.831958,105.839638,105.86191,107.477781
930,101.600277,101.411349,101.541141,101.600277,101.607189,101.872916
10743,82.88148,82.209105,82.216275,82.88148,83.54369,85.362465
935,107.971606,107.887126,107.953942,107.971606,108.535318,119.984664
934,111.330071,110.748695,111.260182,111.330071,111.641879,111.718678
18569,87.36114,87.3486,87.353085,87.36114,87.379685,87.680715
33095,220.50718,220.45768,220.462285,220.50718,220.619555,220.94444
14662,89.109235,89.06737,89.06795,89.109235,89.15124,89.951955
11835,89.369565,89.20268,89.36742,89.369565,89.490795,90.79333
33090,293.09481,292.36924,292.72157,293.09481,293.85179,451.07235
18566,97.41369,97.32281,97.342845,97.41369,97.53167,97.79957
14842,103.920805,101.95732,103.356715,103.920805,103.95573,104.8836
14843,151.801315,151.69986,151.72252,151.801315,152.025985,153.00541
29765,81.1218,80.714485,80.74733,81.1218,81.13776,81.811225
33257,227.750885,226.465415,227.00192,227.750885,231.03979,235.75844
11440,107.746105,107.651595,107.737675,107.746105,107.75683,108.101705
13091,96.08594,95.408315,95.595375,96.08594,96.553045,100.344915
33548,103.640685,103.5372,103.633535,103.640685,103.670455,104.524275
11180,65.264875,65.156985,65.203845,65.264875,66.066405,69.39868
33542,95.50404,95.4693,95.469945,95.50404,95.53059,96.364375
33543,84.66694,84.572275,84.58272,84.66694,84.68754,85.024135
33541,114.311105,113.875885,114.21715,114.311105,114.369645,122.042
33546,249.719415,249.42753,249.60097,249.719415,249.799315,249.94212
33547,109.33737,109.26246,109.31945,109.33737,109.383985,109.818085
27829,214.734915,214.299925,214.457345,214.734915,215.079525,216.73497
27826,19.65791,19.45991,19.51194,19.65791,19.77099,20.45463
27827,148.66722,147.72893,147.886045,148.66722,149.335855,149.37088
27820,95.61708,95.56677,95.5819,95.61708,95.657825,95.865205
27822,101.436975,101.38462,101.430985,101.436975,101.519415,101.88367
797,109.25263,108.24655,109.146646,109.25263,109.599766,228.16747
29720,92.913555,92.801825,92.85055,92.913555,92.93409,93.38788
795,105.741333,105.686805,105.729045,105.741333,105.799701,105.99631
29722,99.645545,99.55504,99.58666,99.645545,99.742585,99.820395
29725,93.46095,93.451505,93.45664,93.46095,93.51274,93.991685
792,110.540566,109.84783,110.23567,110.540566,111.041302,111.221783
790,107.303446,106.656021,106.97167,107.303446,110.894614,132.947739
799,103.445013,103.348245,103.388949,103.445013,103.455765,103.902741
2415,99.181077,99.155733,99.170325,99.181077,99.210261,99.925268
22424,106.723085,106.236115,106.610655,106.723085,106.817905,106.82543
13773,149.06367,148.0291,148.330455,149.06367,149.945075,150.175465
1131,27.168005,26.905349,26.907653,27.168005,29.815302,30.747654
1137,70.301198,69.693709,70.157582,70.301198,105.599253,182.153508
4060,115.646232,113.900567,114.822936,115.646232,116.640024,116.871192
1134,22.215172,20.78362,21.09082,22.215172,23.151364,33.361159
15139,93.3963,93.311475,93.31536,93.3963,93.430405,93.996415
15138,117.430255,117.303635,117.420685,117.430255,117.601435,118.44721
15133,82.15252,81.56832,81.8224,82.15252,82.59385,86.197785
23052,97.90203,96.231935,97.7901,97.90203,99.178655,100.50757
31764,117.39786,117.17882,117.34538,117.39786,117.446655,118.493595
31765,103.13022,102.59035,102.9031,103.13022,103.32346,105.42789
31766,92.58551,92.230485,92.389935,92.58551,92.721545,92.809965
3467,96.415507,96.370964,96.410132,96.415507,96.490771,96.890132
4065,113.988887,112.30927,112.600342,113.988887,116.456472,117.577752
31768,98.73236,98.672235,98.71023,98.73236,98.75067,99.11773
31769,112.82756,112.3473,112.75417,112.82756,112.902725,114.31208
18747,93.142225,93.10231,93.11852,93.142225,93.152085,93.75283
18746,147.051445,146.783385,146.97847,147.051445,147.34744,147.61692
33896,120.119995,119.837705,120.111955,120.119995,120.453555,120.636155
33897,77.151345,76.4591,77.048295,77.151345,78.22964,84.75317
33890,95.391545,95.34963,95.36245,95.391545,95.414845,96.000185
33891,116.75598,116.6094,116.652535,116.75598,117.023935,117.76907
18741,32.168905,31.11441,31.57758,32.168905,32.3922,33.841645
33893,117.02932,117.00712,117.020365,117.02932,117.344485,117.3711
18749,257.597165,257.44447,257.45459,257.597165,258.291915,258.547855
12877,120.8955,120.85006,120.872605,120.8955,120.932805,121.180675
12876,143.203415,136.98014,141.59853,143.203415,148.251345,149.74517
34045,165.787555,165.674445,165.73542,165.787555,167.51239,169.75192
34514,33.34912,32.690345,33.071965,33.626275,34.18135
34040,109.92972,108.698715,109.15086,109.92972,110.14945,111.27416
34517,86.90992,86.12829,86.52073,86.90992,86.947775,87.686085
12879,25.414415,24.1237,25.17377,25.414415,25.42327,26.40523
10457,64.10537,63.884295,64.046515,64.10537,64.16147,64.565435
31492,30.080805,29.482265,29.927015,30.080805,30.11147,30.135345
31490,94.58795,94.22048,94.572375,94.58795,95.915955,95.97042
2881,114.127127,113.989655,114.097943,114.127127,114.229271,115.054103
2886,102.350613,102.024213,102.071829,102.350613,102.688533,104.349716
31497,78.042795,77.96206,78.037095,78.042795,78.0653,78.51004
31494,113.77534,112.0947,112.116935,113.77534,130.2037,132.01936
31495,131.60584,131.35195,131.595295,131.60584,131.835535,132.1662
26666,177.493225,177.080385,177.18267,177.493225,177.59955,177.68302
2,102.379028,102.279956,102.314516,102.379028,102.584085,102.661653
28095,58.38007,58.239035,58.34045,58.38007,58.46564,58.985235
23017,37.432745,37.25134,37.33088,37.432745,37.677305,37.87995
23016,20.602225,20.590515,20.599515,20.602225,20.75287,21.14397
28099,141.106855,140.986165,141.022855,141.106855,141.175285,141.505735
24291,81.002725,80.896415,80.99772,81.002725,81.19509,81.529485
22631,183.951655,183.894705,183.90638,183.951655,183.96989,184.63616
22637,125.82755,125.774655,125.82573,125.82755,125.85622,126.249885
22639,172.06922,172.02892,172.04461,172.06922,172.071825,172.48167
24742,209.65841,208.934415,209.23921,209.65841,209.768005,210.1433
24744,17.738785,17.67627,17.685645,17.738785,17.849275,18.199015
24745,87.912275,87.80266,87.87154,87.912275,88.000355,88.45423
28898,87.12527,86.81765,86.840175,87.12527,87.508735,87.53052
28899,147.814675,147.364385,147.49592,147.814675,147.9462,147.98715
28678,180.13467,179.86539,180.113405,180.13467,180.345255,180.697185
28890,94.156155,93.47854,93.59577,94.156155,95.07256,95.95659
28676,80.779745,80.679275,80.683685,80.779745,80.925325,80.98937
28677,50.81008,50.085105,50.47495,50.81008,51.40405,51.892695
28670,7.343895,7.31811,7.3273,7.343895,7.36324,7.71283
28895,107.865985,107.03682,107.51919,107.865985,109.45563,110.455295
28672,62.518145,62.2692,62.50754,62.518145,62.735785,62.778485
4761,97.959956,95.619092,96.593683,97.959956,98.421525,122.568985
13651,43.05748,42.498155,42.583575,43.05748,43.15159,43.74143
13654,26.87475,25.468275,26.205115,26.87475,27.912045,42.03435
31945,108.75172,108.43503,108.5472,108.75172,110.126305,120.811535
13656,95.6927,94.295395,95.210135,95.6927,96.21925,97.122635
31947,96.83722,96.72693,96.78398,96.83722,96.994805,97.412035
26291,110.476635,110.42552,110.463575,110.476635,110.50258,111.0127
26294,145.17151,144.43359,144.683225,145.17151,154.760325,154.89584
26297,29.942285,29.312735,29.373285,29.942285,30.186055,33.67517
11244,105.885815,105.80294,105.844445,105.885815,105.985645,106.50645
11241,105.543505,105.38671,105.41666,105.543505,105.687635,106.07581
11240,101.951295,101.88011,101.95108,101.951295,101.98106,102.23633
11243,114.836705,114.38625,114.8006,114.836705,115.81804,116.20256
32268,109.056015,108.938065,109.00731,109.056015,109.14096,109.359275
16029,96.87614,96.73091,96.85481,96.87614,96.91938,97.561155
19740,99.700015,99.66806,99.6976,99.700015,99.856595,100.191205
32262,60.28196,60.256515,60.27624,60.28196,60.63326,60.940915
19032,79.23549,78.84234,79.047305,79.23549,79.23837,80.14017
19033,27.61774,27.56448,27.58157,27.61774,28.057235,41.424255
19030,82.457645,82.210305,82.35479,82.457645,82.687315,82.96991
17372,106.268385,105.80618,105.97484,106.268385,106.47524,106.773405
17376,97.586725,97.563225,97.56996,97.586725,97.680925,98.43298
17374,109.47898,108.693955,109.11481,109.47898,110.750795,111.009465
30731,84.93712,84.897635,84.919935,84.93712,84.945635,85.333735
25367,111.90689,111.884625,111.905225,111.90689,111.990255,112.14018
25362,108.86352,108.28198,108.81211,108.86352,109.049115,109.737835
23907,106.244695,105.84538,106.201845,106.244695,106.56251,107.01755
23904,98.825885,98.05318,98.74965,98.825885,99.46735,107.731055
11792,37.03027,31.440375,33.31559,37.03027,37.631615,38.532575
11797,19.53275,19.39064,19.513405,19.53275,19.660825,20.01126
11795,25.73813,25.69385,25.722645,25.73813,25.858225,26.58656
11794,114.506075,114.28213,114.2828,114.506075,114.653955,114.79483
27217,79.144105,78.700445,78.835815,79.144105,79.256645,79.833965
27214,48.469905,47.40993,48.01357,48.469905,48.789435,48.88428
27219,120.899645,111.780985,114.401115,120.899645,125.168925,158.382735
20843,98.594315,98.530425,98.58303,98.594315,98.619945,98.93564
29647,92.123285,91.87459,92.00437,92.123285,92.152265,92.732705
25501,146.175325,145.208835,145.256235,146.175325,146.728315,146.744795
25507,123.91293,123.893225,123.91274,123.91293,124.37279,124.51849
16188,108.08289,107.947995,108.014225,108.08289,108.40937,110.731135
16688,101.010535,100.676105,100.954835,101.010535,101.058105,101.103515
16689,152.376935,140.4987,143.73066,152.376935,153.88782,166.28475
28319,95.731035,95.70361,95.72338,95.731035,95.737865,96.566165
10433,97.288515,96.848105,97.136515,97.288515,97.448285,97.534385
4889,126.042649,125.954329,125.975065,126.042649,126.051097,126.766874
10356,17.349905,16.97138,17.14438,17.349905,19.22572,19.766495
10357,15.51696,15.247385,15.258845,15.51696,17.66569,17.843965
10350,20.87649,20.59788,20.838795,20.87649,21.62922,23.725785
11939,96.779255,94.732875,96.58395,96.779255,97.17427,97.511985
4882,107.32111,107.143702,107.284245,107.32111,107.43247,107.781142
33408,90.932995,90.82269,90.882065,90.932995,91.9651,91.98407
4884,122.847001,122.776345,122.830873,122.847001,122.930713,123.360025
4886,117.050135,116.955672,116.982552,117.050135,117.156887,117.88572
2702,102.822933,102.384405,102.509589,102.822933,102.860565,103.677717
10688,132.93885,132.92064,132.93881,132.93885,132.983435,133.440235
33154,253.82601,253.518085,253.617875,253.82601,254.31903,254.66334
10681,113.289635,113.239825,113.258845,113.289635,113.31253,113.809585
6119,111.534974,111.325441,111.346235,111.534974,111.541348,111.777436
16978,107.81162,107.730655,107.763255,107.81162,108.27859,108.4667
3951,76.861456,76.645648,76.803088,76.861456,77.257743,77.394447
33403,101.872165,101.823965,101.870285,101.872165,101.907625,102.351445
16970,75.314135,75.00913,75.1814,75.314135,75.40582,76.53752
16971,84.9917925,83.60015,83.757935,84.22237,84.38216,84.95292,85.030665,85.113895,85.21614,85.473645,85.632085
6259,15.65977,15.619087,15.654214,15.65977,15.669121,15.981692
17082,99.179725,98.95138,99.094685,99.179725,99.76328,100.566465
6115,92.430511,92.411256,92.425416,92.430511,92.524561,92.999525
6253,92.80488,92.727539,92.737814,92.80488,92.82776,93.107564
6252,78.444847,78.400343,78.417443,78.444847,78.450337,78.569801
6251,112.221797,112.218092,112.220502,112.221797,112.303273,112.582247
6250,90.079269,90.008387,90.033066,90.079269,90.150211,90.591132
12266,92.03552,91.514585,91.771915,92.03552,92.20552,93.38693
6256,78.084517,78.05117,78.064366,78.084517,78.115773,78.410343
6255,248.734665,248.644653,248.657638,248.734665,249.005434,250.853582
6254,86.012679,85.871956,85.905719,86.012679,86.057053,86.348517
14945,245.441955,245.41795,245.4349,245.441955,245.448055,245.829455
10535,118.88792,118.407175,118.653205,118.88792,118.93877,120.370295
14946,101.64392,101.6246,101.639405,101.64392,101.67504,111.713315
3474,105.261333,105.195285,105.240597,105.261333,105.438742,108.006166
833,112.011287,111.843095,111.992086,112.011287,112.022039,116.099351
24108,78.47146,78.457,78.46315,78.47146,78.473135,78.74958
22994,98.061995,97.790175,97.973495,98.061995,98.319495,98.680575
22993,115.752335,115.66075,115.734085,115.752335,116.221485,117.96802
22992,93.726115,93.706675,93.715795,93.726115,93.7293,94.37413
22991,108.430515,108.389165,108.39697,108.430515,109.065345,109.889205
33397,126.929305,123.906045,125.17451,126.929305,128.1235,143.17769
33396,81.698175,81.562565,81.62786,81.698175,81.728475,82.34507
838,95.284243,94.707475,95.070739,95.284243,95.468564,96.050708
839,101.038869,101.002005,101.021205,101.038869,101.042709,102.252308
3479,92.214546,92.113938,92.141586,92.214546,92.557842,93.34197
22999,83.72373,83.495505,83.495675,83.72373,83.75895,84.089135
21465,106.86062,105.74793,106.42215,106.86062,106.92731,106.95325
19994,235.02487,234.905685,234.959095,235.02487,235.130215,235.9754
26850,50.08224,36.140745,37.58511,50.08224,50.357045,52.93193
12913,88.67724,88.411295,88.508745,88.67724,88.71454,88.779955
26854,113.150545,112.716425,112.80891,113.150545,113.719835,114.639315
26855,123.665965,123.3103,123.511985,123.665965,124.05079,124.09506
13135,85.567115,85.468575,85.506985,85.567115,85.703465,86.12144
13137,0.929445,0.891085,0.925255,0.929445,0.940215,1.597615
15831,77.174185,76.91306,76.921305,77.174185,77.182985,77.6693
13131,21.932505,20.025755,21.42059,21.932505,24.085125,25.72796
15837,127.669395,127.630355,127.663245,127.669395,127.72566,128.124405
15838,79.48392,78.545925,79.376185,79.48392,79.727645,80.708335
32748,168.398525,168.124835,168.309145,168.398525,168.60611,168.70558
13138,86.17022,86.131235,86.160245,86.17022,86.53979,89.26995
33973,104.06962,103.69859,104.00242,104.06962,104.66697,105.64494
3004,100.232468,100.228628,100.230164,100.232468,100.23554,101.294612
3007,105.772053,105.732885,105.746709,105.772053,105.781269,106.32655
33970,113.642425,113.62173,113.633635,113.642425,113.885595,114.59512
28465,96.930765,96.90669,96.91335,96.930765,96.99742,97.62826
18359,156.27929,155.41855,156.276385,156.27929,156.37674,156.40654
33974,98.818565,98.69692,98.709145,98.818565,98.8837,99.144605
28469,140.131645,139.92126,140.08569,140.131645,140.994395,141.18055
33979,89.28456,88.837555,88.94717,89.28456,90.085255,90.19595
18357,156.439655,154.163795,155.021735,156.439655,163.276355,165.572045
16722,95.180915,95.126985,95.137645,95.180915,95.22388,95.38978
3008,139.216924,139.11862,139.146268,139.216924,139.493404,140.99638
20334,108.803505,108.72231,108.750705,108.803505,108.897645,109.55172
27450,224.084345,224.073,224.074935,224.084345,224.14121,224.78521
17968,109.82141,109.510405,109.578395,109.82141,111.229415,112.91084
30075,100.178215,100.08648,100.14699,100.20944,100.402575
17962,112.7013,112.43638,112.50934,112.7013,113.192745,114.89353
20338,115.23807,115.15256,115.188725,115.23807,115.279715,115.59896
17960,87.094975,86.164475,86.27863,87.094975,88.561945,495.634755
17961,97.16258,97.052245,97.097525,97.16258,97.197315,97.74318
30370,103.78603,103.63122,103.668075,103.78603,103.83633,103.93135
30374,93.4215,91.634245,92.718815,93.4215,94.11784,99.656335
6303,191.522588,191.484995,191.502201,191.522588,191.600331,191.995184
31028,101.579005,101.4147,101.455585,101.579005,101.91568,102.54337
32103,81.4917,81.40226,81.405285,81.4917,81.588175,82.02953
21517,82.7885,82.53531,82.742015,82.7885,82.82581,82.981405
31023,121.94356,121.83925,121.891665,121.94356,122.065845,123.45854
31022,98.265515,97.54414,97.969895,98.265515,98.28173,99.53747
31533,88.11009,88.063715,88.074985,88.11009,88.11551,88.54142
31026,97.6783,97.602355,97.66945,97.6783,97.797205,98.35574
31025,89.856945,89.360395,89.69567,89.856945,89.974255,90.32307
31536,14.56061,9.35562,11.955845,14.56061,14.908285,16.930315
21515,120.63559,119.869605,120.377955,120.63559,120.816985,121.51302
21510,134.878985,133.401665,134.806805,134.878985,137.470625,139.862715
30578,148.33503,148.269215,148.30006,148.33503,148.398945,148.717545
28285,117.30879,117.263325,117.2815,117.30879,117.408715,117.596045
28284,93.07916,93.06506,93.069515,93.07916,93.14628,93.51764
28280,107.354135,107.20262,107.293015,107.354135,108.298445,113.238405
28283,90.598305,90.55484,90.56739,90.598305,90.70086,90.93123
28282,107.201695,106.890445,106.92383,107.201695,107.74243,107.977245
23738,90.90317,90.866575,90.884105,90.90317,90.91027,91.453425
27020,32.48592,31.66344,32.42813,32.48592,38.87748,41.3465
23222,106.74725,106.65343,106.726545,106.74725,106.80638,107.610115
23223,114.84702,111.65283,113.17196,114.84702,118.163855,118.189475
23220,91.572385,90.857995,91.390695,91.572385,91.6089,91.716035
23225,78.116095,78.06996,78.098635,78.116095,78.16542,78.61794
30958,96.25472,96.132905,96.19385,96.25472,96.2979,96.45594
6160,120.481039,120.431133,120.442863,120.481039,120.777154,121.198646
30955,95.308775,95.19827,95.252295,95.308775,95.704535,96.47851
12466,276.562165,274.848605,276.31386,276.562165,276.604315,280.03666
30951,111.7738,111.4001,111.74068,111.7738,111.936305,112.4352
12462,118.199235,117.948835,118.132515,118.199235,118.385175,119.033025
35075,39.68682,38.833115,39.13808,39.68682,40.68308,40.698245
35076,21.059785,19.8584,20.56622,21.059785,22.14939,24.3148
35070,37.36204,29.240915,35.65183,37.36204,42.658855,44.38305
30531,122.056045,121.971675,122.02876,122.056045,122.11128,123.299325
35079,79.430035,78.69459,79.2626,79.430035,79.82335,80.657845
3916,94.192147,90.366739,92.296723,94.192147,95.543828,95.556883
3915,91.935762,90.478866,91.496466,91.935762,97.090579,109.67119
19481,20.51009,20.32056,20.437625,20.51009,20.510845,20.832155
3918,106.535446,106.38415,106.401814,106.535446,106.569238,106.920981
34705,71.772255,69.593235,69.651185,71.772255,75.65267,161.98354
34704,234.43733,233.047745,233.184135,234.43733,235.710455,241.384595
34706,100.001145,99.54855,99.90393,100.001145,100.257405,103.059805
34700,85.40692,85.094835,85.12757,85.40692,85.57208,86.046635
34708,124.63596,124.202215,124.351725,124.63596,124.657555,129.184195
35251,201.333365,200.58879,201.028955,201.333365,201.58524,201.87898
35254,98.836625,98.646215,98.820545,98.836625,98.84641,99.85409
35259,19.398925,19.305145,19.339615,19.398925,19.61218,20.294105
32703,108.86784,108.76346,108.770645,108.86784,109.34459,110.107185
32702,107.7794,107.704815,107.73949,107.7794,107.802485,108.30386
214,105.533205,105.464085,105.531669,105.533205,105.570838,105.989398
32700,112.216395,111.986135,112.131535,112.216395,112.61811,113.37067
19267,94.975305,94.634285,94.913105,94.975305,95.1161,95.958885
16769,120.070335,114.622465,119.010585,120.070335,121.36768,122.33427
32704,17.111515,16.875025,17.013705,17.111515,17.432815,17.757265
16765,94.074765,93.5798,93.934945,94.074765,101.569895,102.135635
11578,120.522665,118.66131,119.646445,120.522665,121.565925,123.389845
218,99.729428,99.665684,99.697172,99.729428,99.775508,100.228628
22174,120.39478,120.37822,120.3829,120.39478,120.443155,121.08032
22171,120.24909,112.36095,112.91956,120.24909,121.114675,123.309555
6088,83.625372,83.56824,83.599264,83.625372,83.627834,84.10611
12077,84.98749,84.95708,84.975095,84.98749,85.227035,85.785935
6087,75.893608,75.889773,75.892158,75.893608,76.090477,76.358373
12075,60.987525,60.820115,60.86041,60.987525,61.146505,61.34246
12074,84.586855,84.5617,84.578195,84.586855,84.601545,85.19784
6083,177.533724,177.455766,177.533524,177.533724,177.540855,177.94618
6080,42.326398,42.295642,42.313653,42.326398,42.346609,42.504999
12070,24.05091,23.81605,23.88238,24.05091,24.718005,25.104395
11573,121.5095,116.88146,120.88329,121.5095,121.524615,122.030805
25776,10.34158,10.106845,10.17597,10.34158,10.346285,10.885545
25777,148.690415,147.884795,148.094865,148.690415,149.472275,149.565125
11570,160.717255,159.12793,160.4496,160.717255,160.846205,160.960765
30710,99.436705,99.00402,99.42665,99.436705,99.4477,99.895025
21853,125.39497,125.359025,125.359405,125.39497,125.45075,126.090875
21851,126.01972,125.983015,126.01463,126.01972,126.03571,126.54437
30711,83.147465,82.529395,82.90716,83.147465,83.212215,83.880315
21678,159.22574,158.66112,158.74159,159.22574,159.475845,159.56268
21676,187.21904,187.063225,187.084765,187.21904,187.86417,187.98147
21675,50.42488,49.980565,50.069755,50.42488,50.820625,53.94731
24826,85.988745,85.647395,85.899315,86.078175,86.503955
21673,314.49289,314.443905,314.451005,314.49289,314.542065,315.060365
24820,111.553425,111.3753,111.47125,111.553425,112.083355,112.295625
21671,126.58394,126.454205,126.569675,126.58394,126.59343,126.977125
3649,11.627523,11.164418,11.45549,11.627523,11.850242,12.519939
3645,111.751703,110.507543,111.717142,111.751703,111.966743,111.998231
3644,27.338502,25.197318,25.544454,27.338502,32.636935,38.751752
3640,6.14093,5.806849,5.826817,6.14093,6.26381,7.597058
2550,93.752083,93.417235,93.523219,93.752083,93.786643,94.043923
2551,87.526674,87.490578,87.498258,87.526674,87.545874,88.08885
2552,124.157977,124.108825,124.128025,124.157977,124.414489,130.566938
2553,99.065108,98.743316,98.82626,99.065108,99.3293,99.4829
2554,92.752147,92.686867,92.716051,92.752147,92.813587,93.816595
2555,89.258514,88.723986,89.147922,89.258514,89.351442,90.344466
14933,62.197995,62.182255,62.189775,62.197995,62.20532,62.736095
2559,141.615388,141.570844,141.604636,141.615388,142.047005,143.229725
26086,81.863865,81.721235,81.73604,81.863865,81.868275,82.86898
26083,86.997775,86.938515,86.992035,86.997775,87.034915,87.598645
11476,129.19222,128.697515,129.129235,129.19222,129.30942,129.935245
11472,106.992825,106.934745,106.982655,106.992825,107.09817,107.35213
11473,136.757615,136.70896,136.74058,136.757615,136.84188,137.185355
11471,114.727025,114.632645,114.685865,114.727025,114.91966,115.228945
11479,128.546435,128.486155,128.528975,128.546435,128.66242,129.355705
17149,98.724305,98.22124,98.26522,98.724305,98.796665,98.872215
17419,80.45235,80.40939,80.420875,80.45235,80.537045,80.788
17145,83.248405,83.21477,83.233715,83.248405,83.25896,83.725755
17146,87.401725,87.325875,87.3403,87.401725,87.45763,87.69781
17140,113.567645,113.253535,113.36385,113.567645,113.593915,113.80869
17410,7.099705,6.325925,6.344285,7.099705,7.479845,8.1662
25197,206.11562,206.007195,206.05572,206.11562,206.43458,206.932845
25195,205.525575,205.1581,205.43504,205.525575,205.8239,206.449635
25193,198.530585,197.255495,197.472235,198.530585,198.70091,457.43446
13308,111.12849,108.27812,110.46796,111.12849,114.55221,116.633
25191,70.627725,70.55243,70.57434,70.627725,70.67535,71.04748
4417,41.224713,40.08884,40.331528,41.224713,41.641736,41.731593
13307,88.19151,87.848085,88.13165,88.19151,88.39544,88.43012
4415,134.322459,134.205723,134.212635,134.322459,134.407707,134.601243
4414,117.233688,115.091735,117.120792,117.233688,121.389337,122.302489
4413,95.484692,95.322643,95.464724,95.484692,95.553043,96.064532
25199,115.315925,115.2283,115.23884,115.315925,115.3566,115.748325
919,100.228628,100.226324,100.22786,100.228628,100.263188,100.77314
917,83.520785,83.305745,83.344145,83.520785,84.40629,93.835795
916,116.335127,111.21871,113.290007,116.335127,120.943128,174.694691
911,107.971606,107.95855,107.968533,107.971606,108.014614,108.328726
910,108.167446,104.272149,108.030742,108.167446,110.555926,110.574358
912,115.355927,115.340567,115.348247,115.355927,115.968023,116.001048
24192,78.90989,78.890485,78.898115,78.90989,79.03735,79.458285
14829,106.38654,106.25484,106.38153,106.38654,106.55388,106.79682
14827,151.8628,151.72975,151.793205,151.8628,151.96163,152.220405
14824,148.87666,148.642515,148.6686,148.87666,149.300495,149.375695
20106,107.156735,107.152725,107.155125,107.156735,107.18758,107.59868
20107,111.426375,111.383095,111.41521,111.426375,111.65511,112.12728
241,124.240153,124.163353,124.168729,124.240153,124.700185,124.947481
27593,120.99397,120.31899,120.969425,120.99397,122.071565,122.094735
27848,105.339035,103.667475,104.782885,105.339035,107.89094,110.23592
27843,97.88304,96.225045,96.8292,97.88304,98.077705,107.800955
29708,131.358125,130.851425,131.064275,131.358125,155.758235,168.959925
29705,99.114835,98.96692,99.00752,99.114835,99.342915,99.424105
29704,102.672325,102.61188,102.623375,102.672325,102.804875,102.922115
29703,110.524305,110.24094,110.42332,110.524305,110.69008,111.62877
29250,108.685365,108.36023,108.65402,108.685365,109.072875,109.20081
29701,95.13222,94.984225,95.0771,95.13222,96.00852,101.75097
33704,148.810605,148.372425,148.611335,148.810605,149.591665,413.364895
11815,98.311835,97.811965,98.15513,98.311835,98.42998,98.551945
11816,51.732875,51.547385,51.69781,51.732875,51.80224,52.56837
33707,216.47495,216.383675,216.430855,216.47495,216.479855,216.921275
11811,115.827715,115.800695,115.80531,115.827715,115.883955,116.18823
33702,22.007015,20.973685,21.68814,22.007015,22.54735,23.415675
11813,90.061555,89.699485,89.948955,90.061555,90.340145,92.785505
13946,32.811155,32.687625,32.80822,32.811155,77.00971,111.298295
11818,115.968945,115.935475,115.95399,115.968945,116.025255,116.43573
11819,105.43605,105.23408,105.32038,105.43605,105.599,105.981605
12838,135.53501,135.333995,135.372955,135.53501,135.925455,136.4109
34281,307.3241,307.149365,307.212675,307.3241,307.363095,310.76219
34282,83.54441,83.22438,83.296265,83.54441,83.677865,83.96921
15156,40.34196,38.591405,39.320585,40.34196,40.82227,46.710585
15159,121.405335,121.19676,121.29523,121.405335,121.61457,123.20213
29395,114.4908,114.099025,114.35711,114.4908,114.545245,115.19829
17589,84.96905,84.91416,84.92609,84.96905,84.986095,85.30303
31702,100.77832,100.749575,100.76404,100.77832,100.80943,101.260265
31700,114.610825,114.598895,114.608545,114.610825,114.672175,115.0032
31701,109.85374,109.30628,109.47498,109.85374,110.332395,115.550245
31706,108.818025,108.78592,108.802295,108.818025,108.91082,109.29895
31707,115.893445,115.604535,115.62464,115.893445,116.344485,117.01993
31704,126.468495,125.68457,126.30024,126.468495,126.847895,127.46147
31709,108.30554,106.88788,108.128395,108.30554,109.9079,112.43791
15935,167.93138,167.85125,167.89452,167.93138,167.942405,168.710535
33560,96.003205,95.97472,95.983365,96.003205,96.025445,96.612685
33561,109.166695,109.101445,109.10592,109.166695,109.26421,109.859805
33563,119.087635,118.42285,118.488685,119.087635,119.27838,122.343475
30033,206.690855,206.42377,206.49364,206.690855,206.691855,207.222895
30032,140.19423,140.134715,140.19083,140.19423,140.20904,141.26995
30030,58.18184,58.168235,58.181205,58.18184,58.21554,58.54478
21221,100.27396,100.201085,100.240845,100.27396,100.339285,101.012915
12898,116.96399,115.878115,115.904285,116.96399,117.34168,127.10222
30035,143.36462,143.082775,143.291495,143.36462,143.417495,143.71495
34064,118.41306,94.605955,112.667285,118.41306,118.59795,119.67086
12894,221.452295,220.804005,221.29527,221.452295,221.878565,222.400905
30039,102.9209,102.651845,102.850745,102.9209,102.99348,103.195965
12891,142.91712,142.706425,142.910235,142.91712,143.324275,143.37252
12890,141.95301,141.90562,141.94319,141.95301,142.056765,142.201685
12892,79.597035,79.13893,79.14207,79.597035,80.11179,80.312385
3425,89.217043,89.106451,89.176339,89.217043,89.267731,89.83605
3997,158.638112,158.562848,158.595872,158.638112,159.08432,159.476768
399,135.418395,133.124378,135.042075,135.418395,142.106908,152.842782
12165,129.78366,126.05341,129.27937,129.78366,132.284105,134.45973
6336,87.308083,87.231819,87.260351,87.308083,87.702163,87.76398
1447,110.19343,109.883926,110.121238,110.19343,110.320918,110.578199
1113,15.643396,14.922243,14.957571,15.643396,16.043523,16.746244
1112,226.656814,226.042413,226.499374,226.656814,227.575342,261.817396
1443,93.935635,93.896467,93.910291,93.935635,94.026259,94.379539
1442,77.323024,77.2708,77.291536,77.323024,77.354512,77.67784
23039,174.34822,174.297625,174.305875,174.34822,174.42949,175.02984
1116,65.250829,64.958989,65.106445,65.250829,65.334541,65.86139
1119,85.083666,84.829457,85.016082,85.083666,87.277074,92.164627
23036,74.435105,72.55548,73.968965,74.435105,113.453685,114.50057
23033,92.4593625,91.730055,92.261575,92.65715,92.99177
12160,162.01791,161.575875,161.57699,162.01791,162.05935,162.418585
12163,217.207055,217.186115,217.20691,217.207055,217.233875,217.68525
22349,127.11619,126.946645,127.08127,127.11619,127.150855,127.386805
22611,4.565575,4.52179,4.55352,4.565575,4.58082,4.918725
22344,84.440285,84.3771,84.41346,84.440285,84.484285,84.918115
12162,107.816605,107.359485,107.49914,107.816605,109.400755,110.830455
22340,119.85245,118.648185,119.806075,119.85245,120.56992,122.574675
26509,80.19264,79.87411,79.97166,80.19264,80.33265,81.439275
13618,103.887725,103.10942,103.201745,103.887725,106.24433,106.74074
26507,210.285735,210.221885,210.236025,210.285735,210.325915,210.964025
27739,8.625125,8.558535,8.62274,8.625125,8.66129,9.01446
12168,214.07391,214.015965,214.02392,214.07391,214.078895,216.77031
31904,36.21411,35.976355,36.11812,36.21411,36.45861,36.60252
28618,90.24472,90.075165,90.09508,90.24472,90.562925,92.92476
28619,226.19608,226.15415,226.193955,226.19608,226.299065,226.943815
28612,75.181875,75.14449,75.151875,75.181875,75.183985,75.758125
30392,98.33329,97.34088,97.915255,98.33329,101.154315,101.32308
28616,99.662835,99.588145,99.614305,99.662835,99.67151,99.77011
28617,68.34741,67.96546,68.306875,68.34741,68.354595,68.820915
28614,111.901205,111.57428,111.70037,111.901205,112.048125,112.3101
2302,94.947092,94.930964,94.941715,94.947092,95.288083,136.139548
2305,93.081619,93.068563,93.070099,93.081619,93.086995,93.502482
31901,117.29522,117.22584,117.279085,117.29522,119.04403,123.01245
13612,95.53025,94.543115,95.19824,95.53025,101.357375,108.39778
4788,238.402608,238.20216,238.357296,238.402608,238.427952,239.119152
4784,87.656466,87.63189,87.640338,87.656466,87.68181,87.983634
4783,97.807892,97.354772,97.718804,97.807892,97.89314,98.68802
19014,208.42369,208.278005,208.419225,208.42369,208.457635,209.018475
19015,42.4501,39.524395,39.65093,42.4501,44.55832,52.35324
31457,138.961635,138.7752,138.95979,138.961635,138.990895,139.43653
11268,99.898315,99.447255,99.511685,99.898315,100.399775,100.40368
32930,109.506875,109.188735,109.19666,109.506875,109.628235,110.049725
19705,107.21031,105.2072,105.40295,107.21031,108.585545,120.923755
11260,95.356985,95.27053,95.29664,95.356985,95.826445,95.8786
19019,212.88556,212.64783,212.731505,212.88556,213.00836,213.363835
10009,75.695455,75.01859,75.10196,75.695455,75.712785,75.9929
19701,64.349615,64.30479,64.34022,64.349615,64.47703,64.924425
19702,110.989385,110.51445,110.981225,110.989385,112.031105,112.249835
11068,185.19819,185.00336,185.039275,185.19819,185.38127,186.720185
25698,99.38784,98.01763,98.59425,99.38784,99.692065,99.98295
25348,100.810245,100.319115,100.518105,100.810245,101.15653,101.412085
25343,245.215035,245.14414,245.15936,245.215035,245.220085,245.88155
25341,109.822525,107.50698,109.764895,109.822525,113.879925,122.613565
25347,114.854175,114.13073,114.847685,114.854175,114.977655,115.883735
25346,150.74045,149.83132,150.203715,150.74045,150.76134,151.33103
23968,112.801255,112.441375,112.71146,112.801255,113.002245,113.80599
23961,102.661645,102.58159,102.636535,102.661645,103.02832,117.67105
11285,89.38642,89.336785,89.344715,89.38642,89.427885,89.889565
23967,159.92765,159.443745,159.47761,159.92765,160.124835,160.199285
29212,109.908585,109.48244,109.61952,109.908585,110.34961,110.729455
27270,191.37929,153.871835,156.02007,191.37929,191.984445,195.111635
27273,233.15667,231.010445,232.408265,233.15667,233.870545,234.08169
11063,126.93444,126.72545,126.84758,126.93444,127.08959,127.34406
199,94.983956,94.846483,94.853395,94.983956,95.020051,95.463956
194,85.277202,85.118226,85.187346,85.277202,85.39317,86.227217
197,111.035158,110.648854,110.771734,111.035158,111.347734,111.470615
191,102.557205,102.481941,102.547221,102.557205,104.630037,106.427926
190,21.964036,21.591556,21.72826,21.964036,22.030852,22.720517
193,178.42794,178.323492,178.35114,178.42794,178.480932,178.927908
25993,100.2202,99.855395,100.022795,100.2202,100.359615,101.14349
11983,98.59862,97.900965,98.577335,98.59862,98.655215,98.957375
28260,91.944805,91.90971,91.941285,91.944805,91.98762,92.37639
21990,101.516205,100.914835,101.435755,101.516205,101.65683,101.860515
21991,98.351525,97.313045,97.975295,98.351525,98.80413,98.86262
21996,90.80761,90.68261,90.696775,90.80761,90.81235,91.47714
21997,78.70423,78.65144,78.678135,78.70423,78.712085,78.98803
21994,87.09966,87.028715,87.058975,87.09966,87.10704,87.549915
21995,86.838205,86.821025,86.833075,86.838205,86.9083,87.45158
21998,101.005725,100.96803,100.9692,101.005725,101.00652,101.508205
21999,120.10071,120.02343,120.02515,120.10071,120.74753,121.3961
6325,94.615747,94.588487,94.592044,94.615747,94.662116,94.889687
17314,96.84506,96.71474,96.78142,96.84506,96.979935,97.30569
17317,116.03957,115.25798,115.901685,116.03957,116.838115,117.20492
3747,106.083862,106.003222,106.01935,106.083862,106.374934,133.07369
12792,141.00637,140.741665,140.758865,141.00637,141.069655,141.562555
12793,220.5242,220.418915,220.479805,220.5242,220.7741,221.319265
12790,155.406525,151.894625,152.460965,155.406525,155.966345,156.26545
12791,153.56215,153.229255,153.28595,153.56215,153.588605,154.239735
12796,94.30261,91.662655,93.93397,94.30261,94.432865,95.425495
10333,102.90921,102.094215,102.7583,102.90921,103.237315,104.60527
10331,84.146555,77.983755,83.04868,84.146555,84.675835,100.346635
10336,46.94575,46.746675,46.786405,46.94575,47.108375,48.992515
10334,49.98232,49.63682,49.6642,49.98232,50.531735,51.43317
10335,12.96325,12.80689,12.9572,12.96325,13.025415,13.72096
12329,110.36231,110.1559,110.352485,110.36231,110.66738,111.25029
2761,117.27516,117.096984,117.101592,117.27516,117.64764,119.701272
2767,96.97154,96.87554,96.900884,96.97154,97.008404,98.072852
2764,115.441175,115.243031,115.345943,115.441175,115.75452,116.025624
16951,69.048555,68.05432,68.82303,69.048555,69.967,70.273785
16404,115.33753,115.093695,115.14385,115.33753,115.385095,115.628425
16402,115.81619,115.66365,115.6873,115.81619,115.821445,116.078175
16956,95.91034,95.43615,95.68671,95.91034,96.5959,97.1026
34458,109.290575,109.164605,109.194155,109.290575,110.05126,110.484625
16958,81.93872,81.45664,81.863455,81.93872,82.16278,82.605685
16959,85.051265,84.56377,84.5739,85.051265,85.088335,98.94413
29640,116.73935,116.492715,116.70302,116.73935,116.9422,117.138915
6271,77.833731,77.808097,77.826672,77.833731,77.838702,78.639006
6270,212.975282,212.939282,212.965697,212.975282,213.147651,213.51794
6273,105.792777,105.786622,105.787953,105.792777,105.852835,106.296763
21199,114.74022,114.66862,114.68706,114.74022,114.781625,115.26621
6275,94.032665,93.966564,94.011748,94.032665,94.034116,94.279039
6274,55.84761,55.759372,55.822502,55.84761,56.019233,56.319982
6277,219.78789,219.767741,219.78732,219.78789,221.212932,221.988905
6276,122.999642,122.980027,122.994097,122.999642,123.023597,123.248964
6279,305.956894,305.902343,305.925344,305.956894,305.998846,306.377561
6278,78.410485,78.383142,78.394616,78.410485,78.415374,78.973239
21190,64.26845,63.849215,64.237095,64.26845,64.430515,64.53775
4622,92.358163,92.007955,92.309011,92.407315,248.20997
35105,74.448065,74.37108,74.423495,74.448065,74.751635,74.8707
20820,186.04832,185.63201,185.99788,186.04832,186.383675,186.69051
246,99.282452,99.23714,99.249428,99.282452,99.668756,100.875284
20825,216.596575,216.16104,216.40802,216.596575,217.611385,219.17203
29644,118.950545,118.630445,118.931625,118.950545,119.804675,161.34092
20826,108.32863,107.23493,107.82562,108.32863,108.833035,116.810175
20829,227.417605,225.134265,226.390475,227.417605,227.80204,228.213855
16248,96.522635,96.491055,96.50882,96.522635,96.52654,97.585885
31150,149.02718,148.881055,149.003175,149.02718,149.059735,149.915605
16718,124.83494,124.615565,124.66744,124.83494,124.86643,126.457615
24120,98.72568,98.49962,98.543995,98.72568,98.74739,99.176305
21337,112.417745,112.325785,112.358365,112.417745,112.433185,113.15076
21442,101.92657,101.66969,101.860735,101.92657,102.25,102.319705
21443,116.3774,116.331125,116.33543,116.3774,116.42005,117.01829
21333,86.485785,86.423895,86.45811,86.485785,86.49684,87.31073
21446,95.93999,95.88811,95.924435,95.93999,95.940175,96.47955
13538,106.54215,105.16375,106.02498,106.54215,107.49741,115.690035
24128,85.363505,85.35049,85.352605,85.363505,85.886685,86.068735
32006,104.916295,104.823555,104.89226,104.916295,104.93555,105.583665
21339,110.05266,109.362325,109.91358,110.05266,112.17637,112.3463
856,82.710544,82.298128,82.299664,82.710544,82.75816,83.731217
16715,128.65732,119.658755,122.493145,128.65732,128.838425,135.566945
22979,94.70773,94.59846,94.655315,94.70773,95.23922,95.25055
851,114.935832,114.199319,114.482711,114.935832,115.037976,115.164696
3454,288.411706,287.705146,287.963962,288.411706,288.599866,288.865593
3455,79.007249,78.984977,78.995729,79.007249,79.602447,145.70883
19960,42.71125,41.947795,42.533455,42.71125,42.933875,43.189565
22976,91.082655,91.02533,91.057325,91.082655,91.15619,91.33732
22971,99.57298,99.522335,99.545085,99.57298,99.634905,99.846005
22970,112.346885,111.65261,111.992135,112.346885,112.432565,112.645475
22972,95.77896,95.76139,95.774905,95.77896,95.91537,96.518695
13799,248.788745,248.656475,248.736125,248.788745,248.883035,249.27043
6,103.054101,102.290709,102.488085,103.054101,103.354389,103.537173
6300,135.668397,135.633539,135.664163,135.668397,135.688878,136.154718
26878,120.13472,120.08726,120.10399,120.13472,120.18866,120.599675
3867,125.196313,125.173273,125.174809,125.196313,125.200153,125.59721
33036,66.30219,66.24801,66.26297,66.30219,66.54541,66.71284
14149,100.071905,99.827485,99.89112,100.071905,100.32529,100.91727
33744,116.549425,116.53869,116.54654,116.549425,116.58335,117.192075
18816,93.80812,93.531105,93.57998,93.80812,93.95361,94.03853
13116,35.727935,35.359015,35.606495,35.727935,36.02367,36.645635
13114,205.95572,205.94232,205.95539,205.95572,206.057075,206.35769
15812,97.58682,97.321805,97.36313,97.58682,97.729785,98.45246
33031,180.51228,179.90577,180.343865,180.51228,180.55645,202.13366
15817,81.88515,81.80216,81.866365,81.88515,81.9215,82.578485
11182,232.92502,232.873975,232.92346,232.92502,233.164355,233.378555
14351,83.856935,83.64815,83.810475,83.856935,84.056995,84.068715
14352,163.009765,162.79863,162.843825,163.009765,163.70339,171.699905
3063,103.176981,103.037204,103.088661,103.176981,103.306005,104.023317
3062,117.672215,117.545495,117.580824,117.672215,117.917208,117.999384
17946,31.291455,30.77281,30.888855,31.291455,32.07381,33.913555
18339,92.1542,91.779205,91.953055,92.1542,92.65391,93.149755
3067,125.101849,123.098905,124.826905,125.101849,125.783833,128.144666
18332,206.894115,206.75772,206.88758,206.894115,207.819315,271.343795
33910,97.281185,96.352305,96.51678,97.281185,97.72892,100.35593
28445,116.184075,115.56745,115.935655,116.184075,116.911335,118.19862
33912,84.761425,84.708465,84.739425,84.761425,84.794025,85.13725
33915,115.78859,114.40995,115.0326,115.78859,116.39847,116.65499
18337,139.908955,139.866035,139.870335,139.908955,139.93588,140.3794
33917,108.116235,107.95873,108.074585,108.116235,108.477,109.308665
33253,111.05684,110.6901,111.043415,111.05684,111.15854,112.04391
20313,115.05445,115.004785,115.03851,115.05445,115.10499,115.541915
27471,126.292815,126.2405,126.27364,126.292815,126.328755,126.809765
33926,124.307995,123.989975,124.2928,124.307995,124.812505,124.944235
20315,206.693295,206.643085,206.69009,206.693295,206.72748,207.40312
4267,92.738323,92.640786,92.643858,92.738323,92.746002,93.478675
28934,101.38364,101.368555,101.371795,101.38364,101.44875,102.373655
18678,122.040365,121.79158,121.92257,122.040365,122.18563,122.852695
19661,83.93053,83.7594,83.82719,83.93053,83.967715,84.363265
28276,87.785185,86.761575,87.658515,87.785185,87.83839,88.259745
19704,209.541055,209.42723,209.46345,209.541055,209.7533,210.072485
4269,129.128474,129.025562,129.032474,129.128474,129.321242,129.692954
14815,160.086355,159.77241,159.98453,160.086355,160.405445,164.60608
29062,78.370175,77.573405,77.851025,78.370175,79.495615,80.587925
32855,105.329335,105.320535,105.321145,105.329335,105.34878,106.04029
29069,98.0622,97.61858,97.9914,98.0622,98.139125,99.043815
1306,98.658068,98.636564,98.654996,98.658068,98.671892,99.305492
1300,125.51273,125.465882,125.477402,125.51273,126.044953,126.143258
28277,114.288465,114.049895,114.212855,114.288465,114.36802,114.827605
23206,100.75628,100.00292,100.103565,100.75628,101.55187,102.54633
28915,162.380435,160.937365,161.022545,162.380435,162.42367,162.59613
32853,6.80984,6.695125,6.79037,6.80984,8.09072,8.400295
28916,92.365315,92.109825,92.135315,92.365315,92.39991,92.71653
28911,129.28253,126.55345,128.181485,129.28253,129.683025,132.76256
28913,105.5331,105.412645,105.48747,105.5331,105.79558,106.7221
34495,111.940285,111.724205,111.77396,111.940285,112.30987,115.366485
27043,116.23235,116.15939,116.20505,116.23235,116.271065,116.503395
34497,95.43381,95.41336,95.42945,95.43381,95.458755,96.170255
34496,79.05769,78.95683,78.985545,79.05769,79.10133,79.527275
34491,127.764505,127.40577,127.600895,127.764505,128.04034,128.093095
19131,77.131155,76.173555,76.393655,77.131155,77.669965,78.08149
34493,103.875805,103.821635,103.872495,103.875805,103.913875,104.329495
34492,97.54154,97.34681,97.39007,97.54154,97.54788,98.04289
34499,106.370045,105.736905,106.05787,106.370045,107.21161,107.416205
34498,82.837765,82.743845,82.744145,82.837765,82.89371,83.037705
30939,112.353075,112.204385,112.315215,112.353075,112.376225,113.37439
30932,202.855315,202.82881,202.838685,202.855315,202.98511,203.19023
12403,247.946925,246.077115,247.21471,247.946925,248.999715,250.31837
30931,100.299305,97.227695,98.394835,100.299305,101.37167,102.59649
12406,226.53798,225.3175,225.83684,226.53798,227.628695,227.972705
30937,108.45937,105.902115,107.118675,108.45937,109.683905,110.407835
12404,196.46675,196.4497,196.45617,196.46675,196.49809,197.23477
12405,210.39366,209.690505,209.717045,210.39366,210.396475,211.155815
31041,109.95036,109.80229,109.835095,109.95036,110.18397,110.95406
35013,111.897535,111.74867,111.897535,111.96458
31043,103.206365,103.1773,103.20023,103.206365,103.245785,103.519215
31042,178.735425,178.67294,178.6884,178.735425,178.779265,179.39425
31045,144.972125,144.83166,144.932235,144.972125,144.992115,145.714565
19721,210.236215,210.070755,210.162535,210.236215,210.256795,210.74804
35015,111.02669,109.743305,109.994815,111.02669,112.24839,113.97636
6328,100.861205,100.77483,100.833089,100.861205,100.904742,101.070445
31519,20.63209,19.48807,20.311695,20.63209,20.82374,22.337295
32893,112.467985,112.424515,112.455455,112.467985,112.47413,112.975305
32891,112.46588,110.091405,112.00085,112.46588,113.835335,131.56428
32890,125.340165,119.25973,119.681845,125.340165,129.867865,130.25117
19469,108.35772,108.28657,108.315675,108.35772,108.36691,108.75619
19465,114.707375,112.97954,114.450595,114.707375,115.39642,116.685685
32544,59.85056,58.93435,59.279365,59.85056,60.212635,140.275345
3937,107.585302,107.42479,107.435542,107.585302,107.660566,108.534549
19466,176.214525,176.15715,176.198925,176.214525,176.24619,177.045125
19461,122.442045,121.68553,122.179575,122.442045,123.91613,127.52739
19460,56.692105,56.6199,56.621055,56.692105,56.828035,57.22655
3933,112.574999,112.224791,112.283927,112.574999,112.656407,117.401112
3932,98.616596,98.583572,98.593556,98.616596,98.661908,100.176404
34723,44.29059,42.95534,43.220905,44.29059,45.00373,55.225135
34722,42.53881,42.098735,42.176185,42.53881,42.631235,43.10688
34721,83.99354,83.73294,83.835525,83.99354,84.59042,84.755755
34720,91.25477,91.14642,91.171435,91.25477,91.36515,91.921385
34727,111.922895,111.842075,111.89946,111.922895,112.71166,113.54965
34726,33.28803,33.277715,33.28187,33.28803,33.68738,34.75361
34725,47.267675,46.284335,46.901735,47.267675,48.41556,48.729525
34728,58.588215,55.71394,56.05208,58.588215,61.200005,62.452725
34936,96.334735,94.495175,95.890045,96.334735,97.276415,101.33772
24460,78.994,78.96827,78.98566,78.994,79.358915,79.4512
34937,102.7007,100.838285,101.28795,102.7007,108.285115,108.80698
24468,102.588335,102.53414,102.55746,102.588335,102.59836,103.16699
32768,107.54994,107.26017,107.319295,107.54994,107.785675,111.0431
32099,102.14161,101.72129,101.869735,102.14161,102.719245,103.23106
27401,160.09849,159.02262,159.561115,160.09849,160.50868,161.55279
21867,108.3072,107.931535,108.036115,108.3072,108.41586,108.54068
32761,116.111425,114.51199,115.539435,116.111425,118.770135,118.972005
32760,150.190415,149.962305,150.17549,150.190415,151.09512,151.59525
32763,84.779815,79.490405,79.945455,84.779815,85.93578,91.61473
19202,82.97347,82.96438,82.970855,82.97347,82.979305,83.495745
32097,86.586665,86.495135,86.58636,86.586665,88.005835,88.220895
32764,88.837045,88.761465,88.79266,88.837045,88.853435,89.38709
32767,152.38606,152.172685,152.34352,152.38606,152.688525,153.00044
32766,214.86145,214.480155,214.577625,214.86145,214.91746,240.1845
22152,90.691215,90.636,90.65032,90.691215,90.697555,91.2259
22150,126.466175,122.896915,124.04185,126.466175,130.89263,180.30492
22409,222.189535,222.122215,222.14582,222.189535,222.272435,222.77566
22156,88.081905,87.99208,88.07011,88.081905,88.157175,88.678095
22155,111.384045,110.577485,111.234445,111.384045,111.460495,119.464445
22158,107.41144,107.35749,107.38711,107.41144,107.456895,107.89426
22402,114.563365,114.54973,114.552615,114.563365,114.60072,114.96966
13755,270.688745,270.624125,270.673305,270.688745,270.75771,271.45244
4045,79.994896,79.925008,79.978,79.994896,80.003344,80.374288
4040,88.400658,87.906834,87.98517,88.400658,91.810579,108.855574
4041,238.169904,238.023216,238.134576,238.169904,238.215216,239.170608
4042,174.093347,174.078755,174.089507,174.093347,174.195491,175.094819
173,144.191261,143.933981,144.046109,144.191261,144.369437,144.556829
26311,107.427855,107.32649,107.348385,107.427855,107.46287,107.836735
13758,266.84121,266.61435,266.812245,266.84121,267.2178,267.51827
31513,78.67077,78.610815,78.653775,78.67077,78.677645,79.176615
25754,119.17106,117.30094,117.83036,119.17106,119.342945,120.216555
3665,38.155784,37.760264,37.928456,38.155784,38.367752,40.389128
3667,119.716632,119.445529,119.585304,119.716632,119.80188,127.998746
3666,25.290245,24.368645,24.420869,25.290245,27.407622,27.467526
3661,81.520913,81.482513,81.489425,81.520913,81.561617,82.003216
3663,76.059663,75.599632,75.864592,76.059663,76.0804,76.406032
21831,83.84593,83.79977,83.831825,83.84593,83.92986,84.42023
21833,209.846975,209.663905,209.814605,209.846975,210.181125,210.20561
21832,220.97336,220.8334,220.84938,220.97336,221.1195,221.791165
24807,233.059085,232.25225,232.871115,233.059085,233.259725,234.053175
3668,100.07426,99.8285,100.045844,100.07426,100.14338,100.369172
24804,105.09174,104.908545,104.965565,105.09174,105.15111,105.473185
2579,88.12725,88.032786,88.122642,88.12725,88.157202,88.832274
2576,153.484831,153.266719,153.425695,153.484831,153.684511,258.73234
2577,95.715859,95.537683,95.567635,95.715859,95.847955,96.294932
2575,130.72745,130.241306,130.703642,130.72745,130.982426,131.18057
2572,108.244246,107.669782,108.036887,108.244246,108.491542,109.145111
2573,99.007507,98.230292,98.69186,99.007507,99.85922,101.457429
2571,88.27317,88.00821,88.243218,88.27317,88.554258,88.992018
11458,117.28358,116.929365,117.117195,117.28358,118.373955,120.237875
23824,111.353745,111.16222,111.348,111.353745,111.40511,111.57911
11456,125.85715,125.841435,125.848745,125.85715,125.898485,126.502155
11451,96.147795,96.12711,96.145925,96.147795,96.69473,96.802555
11453,116.24416,116.191645,116.238795,116.24416,116.25346,116.688315
3596,121.12284,121.031448,121.036824,121.12284,121.163544,121.676569
3594,111.120406,110.911511,111.005207,111.120406,111.844631,113.124118
31510,147.307675,147.254115,147.298315,147.307675,147.728545,148.38816
17438,79.150715,79.06455,79.145555,79.150715,79.155975,79.46777
17128,93.15995,92.984665,93.139495,93.15995,93.6608,94.14461
13327,116.541845,115.91423,116.270215,116.813475,117.06516
19706,245.42647,245.3582,245.36007,245.42647,245.737125,248.942105
17127,105.552425,105.199035,105.38737,105.552425,105.728675,118.558385
976,126.84521,126.786842,126.812954,126.84521,127.24841,129.363482
975,109.178135,108.833303,108.953879,109.178135,110.264086,116.871191
974,113.24239,112.989718,113.236246,113.24239,114.018071,114.106391
972,105.391125,105.252117,105.365013,105.391125,105.662229,105.816597
21932,124.321935,124.321935
979,97.80098,97.339412,97.414676,97.80098,97.846292,99.4061
978,109.172758,108.97999,109.089814,109.172758,109.218838,110.893846
21934,82.89602,82.875345,82.895295,82.89602,82.9627,83.353245
20126,82.677775,82.56909,82.650735,82.677775,83.253765,83.49494
20120,125.780435,125.40822,125.55964,125.780435,126.747995,127.98964
20121,96.33826,96.3152,96.317835,96.33826,96.42475,96.97614
21937,107.661725,107.014125,107.269885,107.661725,108.259675,109.848605
20128,108.931235,108.509185,108.747295,108.931235,110.029525,110.66967
20129,114.13447,113.981325,114.083465,114.13447,114.249875,114.487545
22516,94.940305,94.862585,94.929435,94.940305,95.020685,95.467815
12923,114.143755,113.674365,113.835705,114.143755,114.849545,114.91625
10477,21.351265,21.32408,21.325095,21.351265,21.383695,22.067165
10473,30.804395,29.85025,30.261255,30.804395,31.692225,32.4562
19926,92.634315,92.611745,92.61557,92.634315,92.65702,93.35198
10479,68.79263,66.7063,68.030655,68.79263,70.620605,71.132125
10478,36.68451,36.184795,36.591065,36.68451,36.730225,37.65119
29278,86.518,86.431985,86.497705,86.518,86.62905,92.565455
28114,225.956235,225.551635,225.659675,225.956235,226.198195,226.20828
29271,143.46293,142.04913,142.50501,143.46293,143.59377,143.865635
29277,77.12972,77.10739,77.119995,77.12972,77.15224,77.60464
33763,113.57112,113.53937,113.55025,113.57112,113.572545,113.873015
11876,30.0848,29.997265,30.06047,30.0848,30.108155,30.515245
18838,68.67434,66.65004,67.844225,68.67434,69.359835,69.99178
11874,122.370695,122.321995,122.35025,122.370695,122.398795,122.59704
33765,116.22863,115.426425,115.89952,116.22863,116.97209,117.619895
14808,101.085305,101.015265,101.047635,101.085305,101.090045,103.035995
18837,120.95002,120.896385,120.92016,120.95002,120.953025,121.75802
18524,125.919055,125.896525,125.89927,125.919055,126.000905,126.49335
18831,103.922785,103.53925,103.900135,103.922785,103.94709,104.85859
18830,130.98422,130.96207,130.974765,130.98422,131.0007,131.52166
18833,99.861975,99.546825,99.753195,99.861975,100.534635,102.453095
13482,124.444255,124.266605,124.39601,124.444255,124.541835,124.86871
30239,124.148225,123.791965,123.830875,124.148225,124.60641,124.931505
30586,114.404655,112.92004,114.33595,114.404655,115.23727,119.59335
34268,111.292695,110.996905,111.260155,111.292695,111.460315,111.709905
30235,171.687195,170.96038,170.98504,171.687195,183.763905,187.99606
15176,148.497295,145.32018,147.99551,148.497295,148.59019,151.882795
30589,83.417695,82.89924,82.904365,83.417695,83.422565,83.796695
30236,264.60032,263.699425,264.53008,264.60032,265.51935,265.80192
30230,222.37803,222.076925,222.17418,222.37803,223.29489,224.304675
34260,90.39828,90.37657,90.398185,90.39828,90.479395,90.73175
30232,242.49635,239.85783,240.73422,242.49635,245.946745,246.785185
29183,17.20549,16.633195,17.176045,17.20549,17.298095,17.314615
29187,82.780845,82.619105,82.665325,82.780845,82.88324,83.34169
31728,103.525785,99.53931,102.40963,103.525785,103.615265,104.290975
31720,105.109645,104.887215,104.95539,105.109645,105.24204,106.27512
31721,99.11557,98.874835,98.9998,99.11557,99.14599,100.036595
31722,79.730805,79.606605,79.677865,79.730805,79.83204,80.35338
31723,128.190325,128.13509,128.153905,128.190325,128.237615,128.450685
31726,117.99887,117.009025,117.018515,117.99887,118.5686,118.58087
31727,113.654875,110.47784,112.390135,113.654875,116.5688,116.73317
3525,42.099465,41.70932,42.059529,42.099465,42.786057,43.064073
33588,107.607815,107.511615,107.604025,107.607815,107.643925,108.421065
33589,81.33913,81.30343,81.331525,81.33913,81.39572,81.913625
33586,89.077665,88.993425,89.004515,89.077665,89.130005,89.521595
33587,118.113685,117.74794,117.93951,118.113685,118.43599,118.59835
33585,88.933205,88.889185,88.902465,88.933205,89.094025,89.178
33582,94.022045,93.78063,93.85101,94.022045,94.121,95.489045
18786,49.4021,45.7326,46.968355,49.4021,50.364035,53.20572
18784,209.117555,208.774455,208.91725,209.117555,209.24931,209.33949
30059,106.61558,106.039245,106.29583,106.61558,106.698565,107.383735
34002,32.790255,32.254745,32.67727,32.790255,32.998175,33.37934
34003,109.0673,107.56096,108.98153,109.0673,109.578755,111.013125
30053,96.79349,96.781425,96.79179,96.79349,96.86901,97.37576
34001,107.84565,107.472135,107.780575,107.84565,108.00786,108.045195
34006,81.67834,81.522675,81.564455,81.67834,81.8219,82.167715
34007,91.154905,91.14353,91.14673,91.154905,91.166475,92.54712
34005,105.72227,105.707695,105.709375,105.72227,105.745165,106.11105
29989,84.48742,84.44309,84.456275,84.48742,84.650645,85.878
29983,292.227615,292.09605,292.223765,292.227615,292.59611,295.19242
29982,80.396275,80.38998,80.392605,80.396275,80.412055,80.7623
29986,108.138625,108.126255,108.13098,108.138625,108.298445,108.595145
14776,209.41768,209.30502,209.378605,209.41768,209.61431,210.089975
28055,139.92251,139.37779,139.91501,139.92251,140.6593,141.519395
14774,117.87584,117.487095,117.65542,117.87584,117.920995,118.09454
14775,85.73166,84.884025,85.282375,85.73166,86.086295,86.629595
14772,209.40427,209.39954,209.40164,209.40427,209.78173,209.99557
14778,227.746365,227.290705,227.457135,227.746365,244.758225,257.65404
14779,59.330735,59.299785,59.30599,59.330735,59.348205,59.85472
1469,124.846874,119.983896,121.684249,124.846874,126.935066,129.657626
28582,107.02722,106.650425,107.001365,107.02722,107.17686,107.62509
28583,115.64602,114.32075,114.584645,115.64602,115.966205,116.18287
1467,83.208209,83.112977,83.131409,83.208209,83.212817,83.530001
1461,102.226196,101.856788,102.14018,102.226196,102.908949,103.027989
28587,102.35316,101.96883,102.233505,102.35316,103.40297,103.56725
1463,91.317522,91.282962,91.304466,91.317522,91.699986,91.866643
651,107.073046,106.302742,106.969366,107.073046,107.47087,108.243478
24787,253.42265,253.04725,253.2128,253.42265,254.07834,262.823625
4238,79.950351,79.89352,79.91272,79.950351,80.303633,80.347408
13926,199.360255,198.555425,199.154535,199.360255,199.4462,200.285265
13924,113.99386,113.958565,113.98722,113.99386,114.152985,114.5869
4233,126.268442,126.255386,126.266906,126.268442,126.28841,126.831385
4232,134.611228,134.545179,134.583579,134.611228,134.641948,135.780123
31183,57.651485,57.596105,57.608505,57.651485,57.670725,58.11168
28631,106.682675,106.340975,106.373415,106.682675,108.19168,115.339895
28632,114.038695,114.007975,114.02572,114.038695,114.040955,114.303025
28634,82.11862,80.68889,81.918475,82.11862,83.23177,84.015445
14387,173.280625,173.232945,173.24632,173.280625,173.33891,173.503605
28638,106.06745,105.30377,105.579415,106.06745,106.291745,106.32608
28639,28.395535,27.13274,28.25723,28.395535,28.786075,30.36664
1406,98.513684,98.230292,98.399252,98.513684,99.332372,99.359252
33668,91.15077,90.64631,90.837195,91.15077,91.172775,97.202555
19790,115.7397,115.659795,115.672295,115.7397,115.74377,116.014805
13694,41.956415,41.311155,41.62243,41.956415,42.41453,43.419345
319,63.462157,63.340813,63.4299,63.462157,64.020493,68.166926
31987,87.83954,87.462405,87.80455,87.83954,88.05498,88.30292
35351,105.76992,105.736015,105.758625,105.76992,105.77965,106.213145
35353,113.019525,112.44431,112.56915,113.019525,113.177655,115.234055
31983,107.043605,106.403885,106.741495,107.043605,107.082165,108.7797
310,126.144793,125.955865,126.087961,126.144793,126.670106,139.999516
31988,108.85164,108.63783,108.798285,108.85164,109.272895,111.60706
316,109.840918,109.201174,109.269526,109.840918,110.182678,112.452886
11200,94.614505,93.3435,94.47741,94.614505,94.8132,97.64061
11203,10.517825,10.509225,10.514245,10.517825,10.52523,11.19085
11202,109.219925,109.18165,109.18376,109.219925,109.240375,109.647955
11204,45.37862,45.02854,45.30772,45.37862,45.42055,45.76194
11207,37.90726,37.717435,37.752045,37.90726,38.077565,38.29347
11206,97.870315,97.828665,97.82962,97.870315,97.90541,98.42404
11209,30.52402,30.49871,30.51309,30.52402,30.62047,30.71056
19072,84.97405,84.765595,84.851,84.97405,85.10173,85.558305
6217,134.082043,133.953096,133.996285,134.082043,134.136522,134.372643
32950,111.230745,111.096325,111.21654,111.230745,111.42706,111.803285
19071,161.031845,160.75879,160.79943,161.031845,161.5021,161.620895
32954,283.20321,282.2422,282.88989,283.20321,283.26597,283.95721
13903,139.9123,139.464855,139.77808,139.9123,140.38044,140.5624
22366,118.88748,118.670435,118.692645,118.88748,118.908635,119.527625
6214,73.962065,73.891855,73.92073,73.962065,74.008575,74.440635
28786,96.80427,96.567315,96.716835,96.80427,96.808205,97.121545
27780,18.80389,17.090145,17.466025,18.80389,20.771245,21.681825
27785,118.36406,118.34733,118.347615,118.36406,118.44013,118.6809
27784,123.298305,123.24307,123.267505,123.298305,123.51236,124.488
4367,90.276114,90.011922,90.067986,90.276114,90.964242,92.038675
6212,40.896478,40.719249,40.872943,40.896478,40.977571,41.224675
29602,92.36063,92.155915,92.25349,92.36063,92.4561,92.815235
25323,87.754635,87.65198,87.72845,87.754635,87.88705,88.311935
10712,241.764425,241.713405,241.72245,241.764425,241.77029,242.22938
25327,84.070175,83.976065,84.00647,84.070175,84.10212,84.304365
25329,89.85037,89.8345,89.844595,89.85037,89.854985,90.216055
446,254.482996,253.122099,253.829426,254.482996,256.023603,257.074228
23417,280.147925,280.076745,280.144125,280.147925,280.27272,299.24622
23944,110.542955,110.311405,110.472315,110.542955,110.6997,114.763825
23410,231.907505,231.5042,231.68688,231.907505,232.55173,233.83754
23941,110.639535,110.61134,110.62232,110.639535,110.65238,110.97044
23940,80.045225,79.949965,79.99353,80.045225,81.414765,81.987565
23419,284.842495,284.785415,284.838035,284.842495,284.864765,285.37433
27256,116.540425,116.187945,116.35281,116.540425,117.342455,118.665715
27254,90.90646,89.732005,90.00707,90.90646,91.034195,92.697005
22091,86.916505,86.807445,86.82484,86.916505,86.99755,87.331355
22096,83.34748,83.206485,83.314655,83.34748,83.41672,83.90343
22095,102.05574,102.01419,102.03458,102.05574,102.149745,102.486795
6218,253.981032,253.663649,253.912437,253.981032,254.687201,254.709951
14875,106.16089,106.156065,106.157385,106.16089,106.16416,106.582835
2299,151.692318,151.402782,151.442718,151.692318,151.738398,152.343583
31842,96.21784,96.158885,96.161025,96.21784,96.25374,96.497225
2293,97.714196,97.35554,97.637396,97.714196,98.182676,98.489876
2292,94.525459,94.371859,94.507027,94.525459,94.541587,95.089939
2290,100.962836,100.45058,100.894484,100.962836,101.929748,104.474133
19696,91.279655,91.20444,91.215035,91.279655,91.289585,92.10606
19694,84.508925,84.480515,84.508405,84.508925,84.581365,86.252585
19695,82.799295,82.716175,82.72776,82.799295,82.813265,83.19264
19690,107.71877,107.69421,107.709075,107.71877,107.829025,108.26079
32378,97.253765,97.08731,97.242605,97.253765,97.39572,98.017355
19699,100.56033,100.43918,100.46713,100.56033,100.59619,100.98135
33725,151.24465,151.03842,151.05837,151.24465,151.555865,151.759605
10120,80.868875,80.715805,80.842725,80.868875,81.59223,91.446095
32635,170.43884,170.37243,170.41008,170.43884,170.46401,170.866545
10916,140.7719,140.734915,140.7351,140.7719,140.858445,141.509465
10915,96.922435,96.81419,96.889635,96.922435,97.010145,97.70159
17338,99.9436,99.4468,99.77147,99.9436,99.94831,105.515215
19313,102.3523,102.341875,102.34218,102.3523,102.36201,103.058825
17330,85.463765,84.41685,85.30562,85.463765,85.47281,85.88871
10646,126.450025,123.50205,123.74333,126.450025,160.920445,178.957295
10647,124.77038,116.271145,123.808075,124.77038,134.839485,189.303465
10312,21.30748,18.96914,20.68742,21.30748,21.86269,27.276845
19646,113.340255,111.648945,112.40048,113.340255,118.46734,122.34532
28749,99.70494,99.51816,99.53174,99.70494,99.717085,112.058775
10640,59.653845,59.61207,59.623355,59.653845,59.664015,59.94178
10317,62.211775,58.591905,60.986685,62.211775,63.688605,67.809255
26756,135.98062,135.40566,135.84308,135.98062,136.759955,138.59146
19648,95.3522,88.96347,93.98952,95.3522,95.67813,102.413
6299,192.983905,192.97471,192.97881,192.983905,193.07342,193.74888
6298,129.885045,129.861651,129.868781,129.885045,129.945766,130.278484
6297,132.833772,132.801515,132.826812,132.833772,133.816823,134.154291
6296,104.420415,104.23562,104.26694,104.420415,104.470154,104.683334
6295,112.761794,112.624062,112.744537,112.761794,112.777649,113.123804
6294,87.877968,87.665343,87.841684,87.877968,87.891357,87.897102
6293,87.146282,87.099851,87.137572,87.146282,87.203492,87.770192
6292,42.576432,42.519924,42.551995,42.576432,42.984668,43.229654
6291,106.841153,106.79607,106.79958,106.841153,106.990258,107.084793
6290,60.880212,60.811316,60.812084,60.880212,60.880977,61.482456
26124,107.88578,107.54859,107.873165,107.88578,108.563215,108.74344
2987,103.118613,101.972757,102.716181,103.118613,103.212309,103.400469
32639,147.69628,147.23956,147.268015,147.69628,148.22919,149.523185
10579,28.284175,27.33721,27.79678,28.284175,28.340675,29.19986
21319,97.765245,97.685295,97.7373,97.765245,97.828775,98.045885
21315,105.771825,105.59675,105.632355,105.771825,106.081595,106.220455
21316,87.360905,87.352615,87.35801,87.360905,87.39147,87.82213
21312,84.872875,84.731495,84.76028,84.872875,84.96287,85.531755
22959,118.911605,117.151035,117.9395,118.911605,119.25157,122.805565
22958,94.713415,94.364805,94.507015,94.713415,95.01019,102.090485
17596,21.95117,21.49102,21.74489,21.95117,21.980655,22.428705
879,110.090518,109.810198,110.079766,110.090518,110.146582,110.307862
876,82.492432,82.440977,82.453265,82.492432,82.782736,82.939408
22952,87.223425,87.15251,87.20794,87.223425,87.25671,87.579
22950,94.003025,93.696225,93.923575,94.003025,95.031475,96.24528
3435,100.234004,100.0781,100.214804,100.234004,100.245525,101.398292
22955,119.11398,119.03981,119.08905,119.11398,119.12442,119.40192
3437,121.411608,121.168152,121.247256,121.411608,129.235994,140.0671
2036,91.36053,91.024146,91.275282,91.36053,91.788306,92.381971
2743,107.75119,107.089174,107.32111,107.75119,108.563733,166.554658
4591,98.651924,98.274836,98.568212,98.651924,99.469076,101.394452
2033,76.110352,76.106512,76.108048,76.110352,76.13032,76.703247
2744,86.440722,86.370065,86.403858,86.440722,86.585106,87.118866
4594,115.071768,114.724631,114.862871,115.071768,115.276823,115.494935
2030,85.152017,85.014545,85.143569,85.152017,85.259537,85.383186
2748,87.764754,87.70869,87.724818,87.764754,88.02357,99.896852
4599,26.204934,23.910917,25.878534,26.204934,26.237957,26.291718
4842,142.098461,141.903389,142.046237,142.098461,142.160668,153.326623
2038,86.258705,84.019985,84.229649,86.258705,86.740242,154.346527
30070,115.512555,115.429705,115.441165,115.512555,115.645785,115.85493
14169,93.43576,93.41109,93.43241,93.43576,93.56436,93.82345
11990,103.58984,103.120665,103.341325,103.58984,104.22014,104.6919
14160,113.480945,111.58023,111.67011,113.480945,115.958305,118.92571
11994,130.21323,129.71368,129.80222,130.21323,130.278835,130.97257
11997,86.73499,86.51332,86.712135,86.73499,86.765655,86.836125
14164,89.30724,88.546355,89.22823,89.30724,89.52655,92.33718
32149,163.872815,163.34085,163.583825,163.872815,163.891125,165.44895
4560,89.773842,89.40213,89.515794,89.773842,89.896722,90.487314
13177,83.67293,83.499445,83.630445,83.67293,83.948645,84.121975
4566,113.799959,113.02735,113.724695,113.799959,114.777623,120.236568
18310,122.762025,122.7527,122.76173,122.762025,122.807355,123.510975
33936,106.298195,106.07126,106.14164,106.298195,106.719105,119.663445
33935,92.558485,92.32719,92.510075,92.558485,92.571685,93.605415
18645,247.368995,247.354305,247.368995,247.368995,247.387715,247.999175
33241,92.157045,91.75566,91.995785,92.157045,92.21169,92.37733
33240,86.882685,86.731825,86.736165,86.882685,87.01401,87.049295
14341,101.336465,101.24421,101.317055,101.336465,101.72784,101.736035
33242,125.276755,124.864725,125.19847,125.276755,125.752475,125.894635
18319,78.732575,78.69819,78.718825,78.732575,79.31405,81.062335
4564,116.626968,116.443416,116.464919,116.626968,116.663832,117.095448
33249,77.76111,77.15529,77.471785,77.76111,78.4249,91.083955
33248,97.81756,97.736825,97.80789,97.81756,97.82663,98.31309
33938,95.89526,95.809065,95.884855,95.89526,95.961925,96.50325
17922,23.19213,22.237015,22.918635,23.19213,25.41825,26.618235
3048,110.744854,110.568982,110.586646,110.744854,111.042838,135.318556
17920,84.235975,83.611125,83.911395,84.235975,84.287435,84.382605
17924,94.576225,94.05064,94.308685,94.576225,96.77479,98.159765
17925,30.938645,30.850295,30.884925,30.938645,31.30339,31.639485
3041,23.258885,23.167493,23.222789,23.258885,23.542277,23.702021
339,93.204498,93.151507,93.15765,93.204498,93.245203,93.792019
3043,93.172242,93.15765,93.167634,93.172242,93.21525,93.653779
3045,109.90927,105.950229,105.959445,109.90927,110.664982,120.451608
3044,89.224723,88.685586,89.009681,89.224723,89.301522,90.522642
3046,110.248726,110.229526,110.23183,110.248726,110.25871,110.492182
4568,70.122254,70.083086,70.086158,70.122254,70.298126,71.24507
34928,111.346585,111.000665,111.110765,111.346585,112.19815,112.398865
20372,123.441275,122.43391,122.59673,123.441275,124.364675,124.848
20374,159.000565,158.271015,158.672735,159.000565,159.05299,159.094725
20376,97.19632,96.893035,96.89879,97.19632,97.274775,98.199485
29385,103.240015,98.560955,102.813415,103.240015,104.42295,104.776435
32146,209.93892,207.80916,209.18105,209.93892,212.124455,213.07292
1093,225.010989,223.252269,224.464173,225.010989,225.012526,225.41419
33606,108.6568,108.606315,108.65075,108.6568,108.687795,108.99168
15698,84.58149,84.517845,84.535465,84.58149,84.607235,85.15737
33773,133.33104,133.237045,133.24993,133.33104,133.56642,133.908845
29518,210.917405,210.745305,210.82306,210.917405,211.149505,211.29275
29513,117.91063,114.803705,117.280945,117.91063,123.63583,132.728025
29043,150.095285,149.797295,150.08157,150.095285,150.180585,151.09786
1322,118.705944,118.343448,118.497048,118.705944,119.113752,119.169816
1323,133.621275,132.640539,133.356315,133.621275,133.676571,136.333851
28939,246.77696,246.714485,246.729635,246.77696,246.86867,247.998755
1326,112.084247,111.70639,112.043543,112.084247,112.485142,112.802326
1324,117.185304,117.153048,117.159192,117.185304,117.200664,117.980184
28933,101.519145,101.10286,101.387305,101.519145,101.876255,102.788935
23771,130.88772,130.189895,130.33067,130.88772,131.384495,131.75236
1328,120.221976,119.218968,119.305752,120.221976,120.288024,121.128985
23777,83.58767,82.799905,82.96187,83.58767,84.0757,84.200195
30910,88.846065,88.80234,88.818195,88.846065,88.959955,89.465075
12422,199.68697,199.17593,199.55778,199.68697,200.23185,200.78211
15430,104.625905,104.415295,104.454125,104.625905,104.98951,105.9483
12428,213.92608,213.577365,213.795365,213.92608,214.652545,214.826065
27061,108.42846,108.379965,108.42803,108.42846,113.029375,114.06966
27064,100.734575,100.14444,100.67488,100.734575,101.369565,101.74163
27067,77.350335,77.13971,77.298135,77.350335,77.462405,77.67303
35038,110.54557,110.469175,110.48878,110.54557,110.6545,110.95366
31066,111.142575,109.371545,109.686935,111.142575,111.277715,111.61692
31065,100.836485,100.81853,100.8341,100.836485,100.85739,101.063735
31062,102.85467,102.79407,102.823475,102.85467,103.04126,103.2937
31061,120.60325,120.558115,120.59418,120.60325,120.79303,121.090895
35037,103.74182,103.519205,103.609255,103.74182,103.835615,104.13578
19199,76.220195,76.16109,76.166685,76.220195,76.22844,76.862285
19198,222.50093,221.553935,222.191015,222.50093,222.56465,225.270305
19449,32.741485,25.26356,28.241245,32.741485,33.454725,37.874265
32568,81.151225,80.96915,80.99141,81.151225,81.15235,81.54673
3953,132.308762,132.169754,132.188186,132.308762,132.795675,132.891675
19193,223.540825,223.463705,223.47283,223.540825,223.58354,224.32132
3950,110.238742,110.222614,110.23567,110.238742,110.241814,110.875414
32567,80.204955,79.326925,80.03156,80.204955,83.095605,84.291495
32566,87.65547,87.17199,87.282685,87.65547,87.660775,87.904315
19445,112.16801,112.120455,112.15604,112.16801,112.22465,112.759155
34748,94.24242,94.105985,94.201045,94.24242,94.600055,95.193655
34743,138.01183,137.68256,137.97318,138.01183,138.614835,138.7248
34742,63.89687,63.821805,63.86502,63.89687,63.948095,64.374695
34744,78.12205,78.0661,78.07218,78.12205,78.15169,78.705205
34747,94.378585,88.610515,93.00108,94.378585,95.75647,97.18012
27815,142.17191,142.139635,142.144735,142.17191,142.203195,142.8062
35296,30.11748,30.034865,30.04376,30.11748,30.219345,30.411525
35293,31.280345,27.59297,30.10986,31.280345,34.39673,34.893215
35299,111.584305,111.549085,111.555355,111.584305,111.66123,112.01441
24440,64.86214,64.348415,64.600005,64.86214,64.884,65.10538
24446,85.122305,85.003575,85.057195,85.122305,85.22165,85.634665
24449,102.49095,102.34789,102.445775,102.49095,102.51275,103.057235
32973,141.89382,141.824005,141.8742,141.89382,141.9373,142.433385
22138,82.62595,82.36096,82.57578,82.62595,83.20452,83.635315
22429,108.98778,108.80112,108.953675,108.98778,109.376365,109.759455
22131,115.30515,114.66076,114.73316,115.30515,115.378345,115.391755
22427,109.433265,109.21668,109.32251,109.433265,109.487745,121.981475
22137,94.938855,94.073515,94.2842,94.938855,95.228245,96.15168
22136,92.83381,92.78201,92.827615,92.83381,92.870795,93.19579
4062,96.287251,96.268819,96.270355,96.287251,96.423955,96.632852
4063,87.826194,87.79701,87.819282,87.826194,87.834642,88.497426
13771,231.770585,231.68635,231.72211,231.770585,231.894515,232.251325
13775,120.5685,120.549905,120.56098,120.5685,120.617225,121.01589
13774,78.244195,78.210495,78.236345,78.244195,78.246375,78.824095
13779,224.863095,224.5224,224.74196,224.863095,224.961345,225.141525
4069,47.138314,46.715146,47.134474,47.138314,50.386954,51.276299
19908,32.254415,32.15881,32.17973,32.254415,32.268695,32.73851
3603,45.783562,34.017031,40.478984,45.783562,64.993549,98.355477
3601,144.555293,132.675867,132.699674,144.555293,144.626717,152.617758
3600,22.264324,21.87034,22.080772,22.264324,24.182021,25.396229
3607,146.514462,146.358558,146.420766,146.514462,147.48675,169.426978
28107,106.477175,105.382505,105.84942,106.477175,108.604885,109.3571
3854,140.728348,140.018716,140.10934,140.728348,140.816668,141.047836
32747,108.396895,108.232725,108.355955,108.396895,108.440045,108.776365
19226,100.5149,100.37116,100.41115,100.5149,101.20689,102.22572
11438,95.174395,94.68153,95.061355,95.174395,95.324925,95.74626
32742,92.591455,92.24185,92.563445,92.591455,92.901865,93.48664
19997,112.684445,112.43142,112.450085,112.684445,112.7497,113.19395
11433,122.59967,121.498365,121.694185,122.59967,125.04285,139.917325
11437,145.667,143.38293,143.41897,145.667,145.835395,146.36134
32749,152.13688,151.797465,151.82039,152.13688,152.57324,153.553105
19228,103.609885,103.5554,103.556095,103.609885,103.646155,103.991255
17106,79.52202,79.372405,79.423025,79.52202,79.5615,79.940715
4453,177.359652,177.32202,177.330468,177.359652,177.378852,177.931044
4452,167.340322,167.167522,167.33341,167.340322,167.519266,168.603681
13347,113.30078,113.214025,113.29094,113.30078,113.63232,113.86687
4454,96.511508,96.38402,96.423956,96.511508,96.561428,98.251028
22433,96.14447,96.0763,96.11275,96.14447,96.17118,96.54126
955,100.244756,100.205588,100.237076,100.244756,100.250132,100.749332
956,107.728918,107.074582,107.14063,107.728918,110.744854,120.138264
24860,40.78541,40.674055,40.752435,40.78541,40.84864,41.464505
21815,125.65038,125.63563,125.64483,125.65038,125.6517,126.419565
21811,263.682105,263.267515,263.49398,263.682105,263.70951,264.316325
21819,100.84976,99.97711,100.80589,100.84976,101.03327,101.583835
21818,213.209435,211.174865,212.678625,213.209435,214.159435,214.65554
20141,90.978845,90.91562,90.967335,90.978845,91.00147,91.58732
29800,76.223105,73.602795,74.386565,76.223105,77.326265,82.48242
16857,113.88038,113.838855,113.857245,113.88038,113.912015,114.30201
16859,101.833855,101.14746,101.41756,101.833855,102.12141,102.33184
6334,101.931213,101.881898,101.921628,101.931213,102.051322,102.498108
12167,71.65801,70.039315,71.566035,71.65801,72.97827,74.400885
12166,31.791625,31.58485,31.69483,31.791625,31.921325,32.39007
6330,115.290362,115.214636,115.269962,115.290362,115.462474,115.827283
6331,92.448811,92.3482,92.415813,92.448811,92.460571,92.866414
6332,90.061592,89.989019,90.000519,90.061592,90.10838,90.42591
6333,77.965414,77.860464,77.901241,77.965414,78.027979,78.908514
6338,127.450272,127.362507,127.379132,127.450272,127.497103,127.79316
6339,212.264628,212.200998,212.250322,212.264628,212.331625,212.615779
27889,126.616845,126.58474,126.608685,126.616845,126.716955,127.29955
27887,82.165965,82.08767,82.16527,82.165965,82.182755,83.645835
27884,32.613375,32.10124,32.527855,32.613375,33.321875,33.78226
27880,115.711625,115.51679,115.63192,115.711625,116.14495,119.039685
29211,110.211955,109.84481,110.12386,110.211955,110.858735,119.89434
29210,102.86477,100.525625,102.7536,102.86477,103.483315,113.966595
29213,107.443085,106.23227,106.92515,107.443085,108.68355,108.95731
10450,64.921125,64.83495,64.84825,64.921125,65.078575,65.47389
10109,78.9485,78.91036,78.93112,78.9485,78.952025,79.34572
10456,81.58303,80.13868,81.35918,81.58303,81.970065,83.635305
29219,99.327225,99.23355,99.256925,99.327225,99.53482,100.175095
29218,96.20864,96.01012,96.03723,96.20864,96.27235,96.98941
10458,27.89417,27.794265,27.81366,27.89417,28.037605,34.093235
10100,116.236285,116.08905,116.146885,116.236285,116.377305,116.41566
10102,82.2667,81.998455,82.08203,82.2667,82.560485,82.963725
12095,40.89518,40.878455,40.889865,40.89518,44.50165,44.566005
21761,7.62898,7.21099,7.52399,7.62898,7.812925,8.961715
21762,147.348785,147.282205,147.34197,147.348785,147.97541,148.320465
33748,121.577465,121.464625,121.52787,121.577465,121.75864,122.43885
18818,102.559055,101.46351,101.665305,102.559055,102.711735,103.29143
33740,20.306855,20.12705,20.185395,20.306855,20.76645,23.20351
33037,47.171705,46.976325,47.166025,47.171705,47.2579,47.883995
33742,114.628445,114.60371,114.62382,114.628445,114.634925,115.208875
18817,122.077335,121.99201,122.0301,122.077335,122.28905,126.71986
33745,141.64107,141.169285,141.55637,141.64107,143.4687,212.952855
33030,50.29009,50.275125,50.28669,50.29009,50.430175,51.01056
11857,26.93274,26.05592,26.520505,26.93274,27.39319,27.695865
30219,226.053285,225.58051,226.012715,226.053285,226.077665,226.46848
30218,94.994635,93.18986,94.24017,94.994635,95.68301,101.819585
6062,25.018317,24.916168,24.975794,25.018317,25.091854,25.412963
30211,53.17806,52.85956,52.911115,53.17806,53.25255,53.262075
12092,106.07943,105.773355,105.90124,106.07943,106.130295,107.451485
30217,198.523425,198.506265,198.52116,198.523425,198.573315,199.103375
30214,76.961195,75.811465,76.950325,76.961195,77.051055,77.62627
26939,143.157915,142.963775,143.00033,143.157915,143.403505,143.48538
26934,10.67511,7.15035,10.596465,10.67511,13.44705,14.44392
26936,176.57383,175.425745,176.119625,176.57383,176.845155,177.0205
26932,117.859205,117.266915,117.65376,117.859205,119.257295,119.628365
6068,95.473987,95.39745,95.457092,95.473987,95.542914,95.931057
591,74.650383,74.323215,74.542095,74.650383,74.858511,75.285519
593,150.814494,150.701598,150.729246,150.814494,150.838302,151.490335
595,131.185178,130.73513,130.844954,131.185178,131.21129,132.009243
596,248.14085,248.039474,248.099378,248.14085,248.295218,249.429554
599,105.62767,105.252118,105.337366,105.62767,105.686038,106.818837
2825,98.832405,98.650389,98.674197,98.832405,98.923029,99.569684
2826,91.27989,90.292242,90.928146,91.27989,93.612307,94.367252
2827,94.274323,94.073875,94.248979,94.274323,94.414099,96.720404
2820,78.7108,78.646288,78.653968,78.7108,78.809104,79.119375
28032,95.46196,95.435375,95.45957,95.46196,95.488295,95.956185
3966,88.747794,88.604178,88.685586,88.747794,88.823058,93.447187
28037,116.664745,116.56715,116.650755,116.664745,116.74787,117.035055
14750,36.936195,35.99435,36.61384,36.936195,38.32056,39.462165
3964,24.066053,23.334917,24.046853,24.066053,24.693509,25.108229
14752,103.6021,103.47944,103.482855,103.6021,103.793715,104.51344
3389,101.534228,101.1149,101.261588,101.534228,101.710869,101.719317
34244,75.88267,72.871495,74.897705,75.88267,77.554845,81.17489
34246,28.001115,27.649325,27.967085,28.001115,28.35026,35.99721
34247,114.91697,114.295925,114.58287,114.91697,115.00279,115.40499
34240,145.80651,145.43016,145.73519,145.80651,146.2167,147.02121
19450,104.456655,104.220935,104.433405,104.456655,104.466765,104.697295
1400,93.914899,93.627667,93.812755,93.914899,94.159891,94.869523
34249,219.969525,217.03222,217.098495,219.969525,221.114365,222.39233
1405,111.487511,111.211799,111.366167,111.487511,112.096534,113.318423
4215,112.730903,111.745558,112.042006,112.730903,112.852247,113.656343
4214,80.3044,80.226832,80.229904,80.3044,80.344336,80.775185
4217,123.979801,119.385624,121.400856,123.979801,144.150557,178.230564
13907,90.84833,90.79561,90.81933,90.84833,90.86741,91.573585
13900,74.79957,74.786175,74.793545,74.79957,74.88034,75.177935
13902,130.69796,128.42978,128.79801,130.69796,132.104445,132.46855
4212,93.196819,93.035539,93.149971,93.196819,93.398803,94.020115
3961,110.257942,109.169686,109.949206,110.257942,110.391574,111.264023
4219,107.72047,107.258134,107.522326,107.72047,108.201238,109.522198
4218,116.794392,116.765208,116.785176,116.794392,116.946456,117.33276
712,112.352279,112.237079,112.308503,112.352279,112.545047,116.189976
18109,83.46134,83.43016,83.44796,83.46134,83.46336,83.851665
18108,249.63492,249.62097,249.622185,249.63492,249.6898,250.007065
30305,32.60431,32.261095,32.26594,32.60431,32.90662,33.23249
34021,112.208495,112.12635,112.189585,112.208495,112.288215,112.56553
34022,114.45975,114.38643,114.44473,114.45975,114.465525,115.2715
34024,303.5513,302.328175,303.146015,303.5513,304.561485,304.814965
30072,105.99649,105.47689,105.78523,105.99649,106.124585,106.550735
11110,100.87401,100.83269,100.85163,100.87401,100.890395,101.501955
34029,150.49031,149.901165,149.93754,150.49031,150.81372,150.921845
14473,244.948275,242.75447,243.34913,244.948275,245.060605,245.271485
30079,117.295005,117.266815,117.278245,117.295005,117.3347,118.0349
10786,117.80447,115.163435,117.64808,117.80447,118.718285,152.219035
31306,120.705515,120.607545,120.66365,120.705515,121.32034,121.90414
31302,22.337705,22.053725,22.10411,22.337705,22.35688,23.056665
35375,111.18442,105.854785,106.519955,111.18442,114.83468,120.62185
334,120.033816,119.895576,119.992344,120.033816,120.162072,123.373849
331,63.304717,63.273229,63.274765,63.304717,63.326989,63.989005
330,106.565398,106.520086,106.563094,106.565398,106.592278,107.033877
333,156.768032,156.644384,156.76496,156.768032,156.870176,157.849376
332,124.634137,124.306201,124.587289,124.634137,125.117977,125.89673
28423,118.50649,118.309005,118.45296,118.50649,118.543145,118.96384
11226,98.5155,98.419915,98.46001,98.5155,98.52252,98.841585
11225,105.19851,105.185625,105.189955,105.19851,105.25772,106.23945
28422,78.18042,77.9119,77.91304,78.18042,78.448395,81.02574
11223,94.865605,92.41829,94.3202,94.865605,95.271415,109.646425
11222,95.64022,94.40405,94.58859,95.64022,96.27044,96.406465
11220,84.850125,84.81219,84.83726,84.850125,84.9276,85.667935
19059,149.233375,149.065885,149.17703,149.233375,149.49348,151.764725
34300,210.809445,210.733025,210.73582,210.809445,210.915265,211.384875
19051,208.248855,205.785095,206.134515,208.248855,212.902915,745.24484
32972,81.82352,81.674945,81.691545,81.82352,81.99102,82.35337
19053,130.563835,129.760485,130.23874,130.563835,131.26283,132.18029
32975,198.00628,197.942185,198.00467,198.00628,198.02405,198.5934
32976,20.79449,19.977315,20.640965,20.79449,20.906235,21.030585
32977,83.249485,83.22046,83.24606,83.249485,83.27546,83.73841
22303,225.48207,225.362945,225.424775,225.48207,226.615485,232.754115
25901,188.42743,188.26629,188.363525,188.42743,188.52472,188.92186
22305,104.350065,104.209255,104.27463,104.350065,104.501175,104.716115
22309,101.901605,101.11909,101.1424,101.901605,102.16972,103.21416
25654,143.49898,142.85154,143.1034,143.49898,143.710435,143.748405
34306,94.1576,93.91493,93.960035,94.1576,94.22809,94.797385
25303,113.02279,112.94235,112.993325,113.02279,113.029495,113.53673
25650,114.463075,114.364805,114.45067,114.463075,114.87411,121.68245
23433,114.07424,113.949145,114.03242,114.07424,114.32674,114.52247
23432,114.94501,113.475635,114.810605,115.079415,116.511515
23434,116.996165,116.709835,116.86347,116.996165,118.005815,122.116585
32358,97.2782,97.253325,97.26934,97.2782,97.40091,97.53261
31577,86.674455,86.160355,86.607775,86.674455,86.88915,87.15621
16198,82.696625,82.330445,82.56249,82.696625,83.56905,85.32888
32355,110.15338,109.910315,110.084935,110.15338,110.33358,111.683685
32356,124.27213,121.474995,122.28853,124.27213,124.63664,130.42811
32350,86.863525,86.82077,86.82977,86.863525,86.8843,87.06702
32351,261.647905,261.553165,261.577025,261.647905,261.94934,262.433015
32352,115.280325,115.12145,115.221905,115.280325,115.288765,115.478585
6109,104.073266,103.963286,104.071906,104.073266,104.079716,104.38938
6108,90.280204,90.232784,90.254054,90.280204,90.3255,90.535113
6107,265.729164,265.686314,265.706784,265.729164,265.732879,266.057446
6106,115.341134,115.052815,115.1085,115.341134,115.659173,115.85389
12754,240.592435,240.352095,240.54917,240.592435,241.011225,243.39649
12755,94.20579,93.82149,94.012375,94.20579,94.951375,101.552855
6103,91.086217,91.028655,91.078964,91.086217,91.094192,91.44519
12753,118.09984,117.842205,118.05474,118.09984,118.18472,121.501675
12750,93.577,93.411185,93.45834,93.577,93.59336,94.02848
10938,111.095035,110.69587,111.031085,111.095035,111.495415,114.143355
16192,113.23436,112.465395,113.036845,113.23436,113.571735,113.716295
10935,103.913425,103.885585,103.898245,103.913425,103.91677,104.72543
10932,196.176595,195.125305,196.113555,196.176595,196.435135,196.781245
10933,213.526905,213.336645,213.461905,213.526905,213.746435,214.59852
16991,104.47225,103.69633,103.743725,104.47225,104.535315,104.579115
16992,97.560945,97.25161,97.348775,97.560945,97.859825,98.16093
16449,122.36394,121.80297,121.818875,122.36394,122.412225,122.61986
12280,124.268235,123.360725,123.65656,124.268235,124.611565,124.66948
12282,103.206065,101.82377,102.711795,103.206065,104.09766,104.981145
21152,37.54379,36.943945,37.298125,37.54379,38.256935,39.098435
12289,128.25354,127.867925,128.17178,128.25354,129.455225,131.35345
33145,260.70195,255.98129,259.98074,260.70195,261.356255,265.81473
33142,13.959115,13.53215,13.59474,13.959115,14.19016,15.48581
11925,753.5419625,747.93829,749.896895,757.18703,797.6234
6105,86.658687,86.628891,86.647846,86.658687,87.01549,155.179814
26102,102.602265,102.34923,102.518625,102.602265,102.896095,103.910245
26103,96.33405,95.683195,96.143985,96.33405,96.676605,97.468725
6104,99.507382,99.415843,99.494533,99.507382,99.531966,100.065508
21481,95.39134,94.87433,95.040955,95.39134,95.62221,95.69411
21483,111.717525,111.24627,111.619025,111.717525,112.546745,112.76828
6102,107.400477,107.34323,107.353115,107.400477,107.402471,108.006905
22933,151.011715,149.983225,150.428255,151.011715,151.420125,152.208145
3413,91.09557,90.92661,91.041042,91.09557,91.163154,91.764499
22937,154.87267,154.8653,154.87011,154.87267,154.874115,155.396515
21372,75.99177,75.959815,75.991005,75.99177,75.99994,76.13686
22938,235.60562,234.858445,235.178975,235.60562,235.899555,236.1669
21370,199.04516,198.5256,198.90647,199.04516,199.075765,199.222435
21376,86.142915,86.06764,86.0911,86.142915,86.790045,94.67263
21377,140.74085,139.747905,140.70455,140.74085,140.847825,141.22441
3418,96.373267,96.336403,96.363283,96.373267,96.387859,96.958484
12827,144.914825,144.444515,144.897375,144.914825,145.048895,145.16084
14950,208.18768,208.097585,208.12058,208.18768,208.210435,208.482235
34524,107.40237,107.2175,107.33124,107.40237,107.56112,107.762835
13489,120.95476,120.68934,120.879435,120.95476,121.040985,121.62613
13488,94.624915,94.614355,94.622455,94.624915,94.67197,95.580375
10667,107.0785,107.0706,107.07659,107.0785,107.08805,107.463285
10660,77.88831,77.612035,77.625245,77.88831,77.89642,78.135875
10661,142.26866,131.61663,140.455265,142.26866,149.06412,177.566295
4862,117.776664,117.70908,117.761304,117.776664,117.857304,118.349592
2014,75.424527,75.383823,75.390735,75.424527,75.531279,76.013584
2017,91.804434,91.388178,91.768338,91.804434,91.934994,92.276755
12823,96.19455,96.131055,96.19018,96.19455,96.27302,96.736705
10668,60.6605,60.65195,60.655945,60.6605,60.694355,61.17791
13484,86.393675,86.031595,86.092745,86.393675,86.76734,87.84491
10939,120.3385,120.282925,120.337745,120.3385,120.614165,133.549015
18480,24.72651,23.312885,24.247935,24.72651,24.74846,26.27351
14100,84.515175,84.092175,84.11932,84.515175,84.62068,84.86286
14102,34.14761,33.82679,33.93043,34.14761,34.164875,34.29837
18484,103.28848,103.25836,103.28104,103.28848,103.31921,103.879575
14107,93.69295,93.168675,93.239795,93.69295,94.00186,94.45725
33480,118.501895,114.989485,117.84485,118.501895,119.961955,121.908115
33489,109.12195,109.08089,109.117045,109.12195,109.15904,109.695675
33488,271.915035,255.939125,266.10603,271.915035,277.14248,278.684895
17715,84.42385,84.31307,84.385205,84.42385,84.660465,85.27247
14958,229.353165,229.23199,229.238125,229.353165,229.682875,229.88215
32759,153.706365,153.657045,153.679215,153.706365,154.09625,154.66899
30144,95.851715,95.754565,95.76329,95.851715,95.85464,96.359895
13155,101.77335,101.501885,101.67938,101.77335,101.8527,102.208375
13152,205.975065,199.941245,203.69671,205.975065,208.836425,214.80372
13151,188.853425,188.739235,188.82463,188.853425,188.908465,189.62674
20681,93.06817,93.01418,93.04542,93.06817,93.080335,93.371235
20683,15.64988,15.01548,15.50619,15.64988,16.190615,16.65506
10597,21.08589,19.841415,20.420775,21.08589,23.12565,24.49397
10595,46.868535,46.2671,46.66002,46.868535,47.13987,47.295345
10598,27.427,27.322425,27.323135,27.427,27.978445,29.287475
10599,17.325065,17.223905,17.305845,17.325065,21.92219,24.154635
33263,114.877095,114.77161,114.835975,114.877095,114.91469,115.703035
33262,84.119635,83.365185,83.413265,84.119635,84.36982,86.47854
31126,130.65602,129.910155,130.47109,130.84095,131.32733
33266,248.073665,246.013745,246.74868,248.073665,248.2092,248.71236
18664,36.63841,36.582145,36.59679,36.63841,36.687555,37.06843
18665,83.151825,83.120695,83.126235,83.151825,83.15664,83.792025
18667,59.237075,57.962925,58.43319,59.237075,59.369255,59.65024
17908,70.403915,68.782245,70.122185,70.403915,70.614905,128.01006
17909,103.62618,103.49212,103.52581,103.62618,103.66839,105.080505
20354,97.01541,96.90446,96.968845,97.01541,97.039865,97.79016
20353,126.61418,126.604475,126.606695,126.61418,126.62839,127.09128
20352,152.033205,151.726245,151.81561,152.033205,152.320445,154.396305
17901,182.47954,182.40372,182.425685,182.47954,182.494895,183.11068
17906,112.895935,112.85195,112.885955,112.895935,112.92392,113.471125
20358,42.26191,38.380985,41.061845,42.26191,42.632275,63.94381
30688,92.79761,92.614905,92.740725,92.79761,93.139075,93.6108
30680,16.93715,16.342065,16.4435,16.93715,17.43489,17.87391
30681,125.020495,124.50822,124.870415,125.020495,125.149675,125.347375
34901,76.745315,76.173225,76.655035,76.745315,76.90006,77.236315
30684,155.854215,155.716875,155.753215,155.854215,155.86902,157.61286
30685,109.49679,109.052295,109.41961,109.49679,110.382935,111.236515
34905,90.032205,89.435505,89.69002,90.032205,90.048195,91.59768
29090,8.968535,5.871925,8.694485,8.968535,9.874555,12.783855
12990,140.706365,140.616965,140.65527,140.706365,140.710975,141.64785
12992,138.437905,138.433935,138.436065,138.437905,138.446015,138.62586
12993,128.00192,127.872915,127.900585,128.00192,128.02327,128.64098
12997,138.40812,138.128005,138.3921,138.40812,138.6738,139.2504
12998,93.009175,92.978725,92.98013,93.009175,93.024545,93.6614
12999,87.10402,83.76801,84.48179,87.10402,87.706525,88.04018
29535,94.47061,94.37047,94.376005,94.47061,94.524685,95.415435
29537,108.09559,108.04439,108.07073,108.09559,108.1679,108.468485
29530,242.71866,242.422695,242.58936,242.71866,242.8919,243.59712
33421,110.289105,110.255955,110.284295,110.289105,110.348485,111.475965
18696,106.628735,106.12236,106.621995,106.628735,108.923615,110.07087
29539,111.50958,111.099225,111.407605,111.50958,111.69267,112.479475
20033,90.47699,90.421285,90.436995,90.47699,90.56035,90.860555
29023,212.07458,211.947175,211.985005,212.07458,212.25199,212.320315
459,102.431252,102.362901,102.381332,102.431252,102.720788,103.258389
450,145.71267,139.418909,139.551773,145.71267,146.244126,146.325534
1341,140.445724,140.213788,140.272156,140.445724,140.840476,141.616156
452,93.747475,93.623059,93.707539,93.747475,93.839635,94.080019
1343,107.238934,107.231254,107.23279,107.238934,107.723542,108.152086
1344,111.491351,111.422998,111.428374,111.491351,111.674134,112.289302
34843,105.99675,103.921825,104.52849,105.99675,106.125825,106.68436
30541,149.528985,149.442635,149.477045,149.528985,149.547465,149.62226
13376,116.73054,116.38897,116.664355,116.73054,116.845105,131.99295
34841,15.575225,15.414805,15.474255,15.575225,15.679975,16.92554
26742,117.47373,117.41283,117.41544,117.47373,117.6927,117.966475
26749,103.251155,103.201605,103.233455,103.251155,103.372455,103.786325
13371,97.061735,96.80569,96.863065,97.061735,97.112135,98.38804
31120,238.22258,237.882735,238.172765,238.22258,238.668645,239.91331
4894,25.207301,24.746501,24.894725,25.207301,25.454597,27.65799
34767,100.23285,99.88792,100.018745,100.23285,100.76376,101.995945
34765,80.561825,80.250325,80.339885,80.561825,81.224855,81.83978
34762,45.776175,43.672985,44.555775,45.776175,59.51392,66.464705
34761,95.55725,95.53152,95.54898,95.55725,95.563755,96.221285
34760,209.613815,209.393445,209.425015,209.613815,209.667795,212.13511
11125,100.70129,100.627245,100.63139,100.70129,100.75965,101.17244
4521,77.179407,77.119503,77.166351,77.179407,77.193231,77.450512
28756,89.733935,89.60433,89.73175,89.733935,89.89837,90.186925
28951,101.43081,100.906695,100.91356,101.43081,101.443855,101.51971
28774,105.32936,105.065175,105.162305,105.32936,105.764465,105.911205
13822,164.107665,163.509155,163.51729,164.107665,164.439255,166.75343
28952,108.337495,108.29142,108.29149,108.337495,108.362075,108.885965
28770,94.80184,94.64727,94.693945,94.80184,95.109865,95.471355
28957,107.089,106.37602,107.02991,107.089,109.9557,110.91704
28772,94.167415,94.08077,94.12286,94.167415,94.187345,94.606215
28959,102.1418,101.776075,101.783075,102.1418,102.202415,102.768425
24423,85.0153,84.972405,85.009765,85.0153,85.103575,85.63933
24422,210.029725,209.913075,209.95955,210.029725,210.13035,210.44977
28779,149.90149,149.684975,149.79337,149.90149,150.027035,156.19925
24427,102.02685,101.83559,101.94497,102.02685,102.191165,103.52141
22441,111.66298,111.48391,111.533925,111.66298,111.752565,112.47765
22116,86.624805,86.17351,86.371205,86.624805,86.82064,88.362325
22115,98.59867,98.456345,98.524815,98.59867,98.798375,99.12745
22442,28.881865,28.249155,28.565335,28.881865,29.65348,30.405485
22112,109.297105,109.27537,109.278615,109.297105,109.31727,110.394055
22447,67.101745,66.30549,66.94543,67.101745,67.6819,67.89943
22110,112.597185,110.6693,111.832835,112.597185,112.72347,112.86053
22118,108.709895,108.252725,108.500555,108.709895,108.71817,109.07546
26355,93.046595,92.939855,92.97383,93.046595,93.056925,93.32949
26358,106.14961,102.86528,105.6819,106.14961,109.348525,109.53733
33427,108.47158,107.532215,108.37028,108.47158,108.759385,109.17229
4008,101.685524,101.202452,101.511188,101.685524,102.431253,126.169369
4009,116.034071,115.962647,115.991831,116.034071,116.042519,116.498712
13711,253.274625,253.24157,253.27322,253.274625,253.59693,254.26867
4003,127.361306,127.253785,127.273754,127.361306,127.393561,128.259866
13715,98.6692,97.340655,98.53962,98.6692,99.076065,100.807825
13717,205.939975,204.645095,205.75153,205.939975,207.196255,208.517965
3971,68.59931,67.664653,68.30747,68.59931,72.387086,73.784079
19420,29.9322,25.279545,28.87884,29.9322,32.193375,32.962615
19423,120.70121,120.653975,120.671985,120.70121,120.72368,121.179975
3975,92.713747,91.569426,91.837458,92.713747,99.489044,103.159316
3974,145.949214,145.72803,145.892382,145.949214,146.299422,146.491421
3977,122.9622,122.886169,122.909976,122.9622,122.971417,123.949081
32506,235.38487,233.545835,233.873075,235.38487,236.17202,243.87693
32509,93.34203,93.1957,93.273045,93.34203,93.34815,93.762605
19428,3.030065,2.86554,2.908595,3.030065,3.562355,4.691365
22644,262.860025,262.791305,262.81477,262.860025,262.91289,263.38793
3628,128.583194,128.539418,128.548634,128.583194,128.706842,128.99177
21806,79.497495,79.07231,79.286405,79.497495,79.553945,80.453565
3621,96.068372,96.047636,96.062996,96.068372,96.07298,96.414739
3620,19.190021,18.153988,18.481924,19.190021,20.659973,22.39642
3625,144.255773,143.232797,143.718173,144.255773,144.366365,145.707293
35415,44.66187,44.652275,44.65862,44.66187,44.70385,45.358335
35413,113.492315,113.48233,113.482975,113.492315,113.521085,114.097885
13996,108.18858,108.17471,108.175485,108.18858,108.194095,108.491825
13994,94.71079,94.14669,94.52668,94.71079,95.32252,95.89673
16298,89.35645,89.15468,89.310975,89.35645,89.36307,90.975355
16297,90.28639,90.23322,90.269365,90.28639,90.41927,90.958245
17472,115.63664,115.59385,115.63578,115.63664,115.658125,116.35327
17474,154.630725,154.422265,154.619605,154.630725,154.69501,155.06612
17476,118.51981,118.51432,118.51659,118.51981,118.60317,119.01722
17477,155.88923,155.74627,155.76957,155.88923,156.247665,157.924135
25464,127.5029,127.292735,127.40488,127.5029,127.5925,128.074755
25462,140.749085,140.674975,140.68494,140.749085,140.77561,141.00245
25461,120.912675,120.873125,120.87851,120.912675,120.92366,121.59602
4471,122.933785,122.725657,122.726425,122.933785,122.949913,123.716377
4473,137.051164,136.148764,136.604188,137.051164,137.228572,137.813788
4472,115.077144,115.061016,115.070232,115.077144,115.183128,115.554839
13364,159.04483,158.902685,158.99643,159.04483,159.10393,160.09305
4477,122.088985,121.833241,121.920793,122.088985,122.784793,126.216986
2957,106.836502,106.817302,106.835734,106.836502,106.904086,107.411734
2950,133.403931,133.017627,133.221914,133.403931,133.550619,133.928475
21352,111.752865,111.28514,111.432585,111.752865,111.8629,112.199135
24846,134.62839,121.42902,124.914875,134.62839,135.81711,157.289065
2465,97.934612,97.883924,97.890836,97.934612,97.951508,99.115028
2460,82.421777,82.318865,82.377233,82.421777,82.457105,83.024657
2462,103.975701,102.874389,103.058709,103.975701,104.114709,105.917973
2469,107.852566,107.377942,107.437846,107.852566,108.225047,108.698135
33487,149.301125,149.214855,149.24775,149.301125,149.47112,150.46539
16876,91.44211,91.36954,91.390485,91.44211,91.52511,91.703305
16879,90.141655,89.04153,89.284155,90.141655,92.45184,118.321325
11043,135.856855,135.48199,135.614095,135.856855,136.107355,137.272635
3414,98.194196,98.095892,98.109716,98.194196,98.226452,99.066644
28648,121.11176,116.1971,119.46407,121.11176,152.73293,231.41912
12143,26.543945,26.414515,26.5333,26.543945,26.54692,26.748295
6313,86.95134,86.825312,86.867303,86.95134,87.093107,87.125407
6310,93.701864,93.634338,93.6886,93.701864,93.806715,94.146495
6311,160.541438,160.500624,160.541128,160.541438,160.541628,161.056851
6316,96.732825,96.723186,96.724863,96.732825,96.743468,97.179302
12146,42.880245,42.813165,42.878535,42.880245,43.40064,45.49195
6315,221.740105,221.721794,221.723356,221.740105,221.758179,222.199394
12148,255.429955,255.31739,255.376685,255.429955,255.481465,255.58548
3410,16.323843,15.906052,16.01818,16.323843,16.902147,22.813445
29239,79.603065,79.556445,79.594705,79.603065,79.81875,79.826015
21373,82.24354,81.998605,82.02838,82.24354,82.52105,82.823225
10122,109.964495,109.90318,109.90437,109.964495,110.08881,110.667575
10121,124.52402,123.5207,124.187015,124.52402,125.18926,125.1911
29234,81.02414,80.94796,81.00617,81.02414,81.09733,81.58154
10125,5.285475,5.20212,5.210495,5.285475,5.294455,5.843695
10124,134.411025,133.88376,133.890785,134.411025,135.042585,136.7022
18871,229.839785,229.57985,229.82731,229.839785,229.84667,230.39879
33016,181.931225,181.7796,181.901355,181.931225,181.95901,183.078005
18875,104.202225,104.12356,104.152565,104.202225,104.249495,104.37962
33012,83.74936,83.71707,83.74511,83.74936,83.86219,84.486095
21744,186.93837,186.90288,186.929615,186.93837,187.12134,188.108685
18878,106.666395,106.58485,106.61386,106.666395,106.72144,107.241875
33484,152.884745,152.020005,152.21776,152.884745,160.404715,183.226575
21374,84.74929,84.705425,84.71577,84.74929,84.757495,85.105725
11040,150.69101,150.57662,150.671495,150.69101,150.706225,151.23241
877,83.784977,83.738897,83.777297,83.784977,83.811089,84.34485
26918,100.913865,100.89351,100.90529,100.913865,100.960855,101.504055
26913,108.227,108.17967,108.213135,108.227,108.37177,108.54009
26911,92.209105,92.12418,92.20554,92.209105,92.21239,92.79072
26910,93.08263,93.072225,93.073525,93.08263,93.188295,93.45258
26917,112.42995,111.613325,111.93257,112.42995,112.930545,113.756855
26915,162.475845,162.372885,162.46016,162.475845,162.571825,162.87834
579,85.762578,85.694994,85.721874,85.762578,86.573586,87.325458
29490,86.041365,85.980475,86.0347,86.041365,86.132615,86.27484
29949,91.76209,91.710865,91.72867,91.76209,91.80392,92.129815
29494,98.638235,98.09628,98.233115,98.638235,98.87427,99.040955
572,101.291541,98.375444,100.26242,101.291541,103.541013,103.674645
571,84.036113,84.012305,84.035345,84.036113,84.039185,84.794897
23109,218.29219,218.165235,218.20553,218.29219,219.146335,234.92798
575,119.872536,117.991704,118.593816,119.872536,120.483864,124.618777
14344,112.51378,111.608165,111.7825,112.51378,112.988715,115.03278
18297,94.09255,93.891115,93.907295,94.09255,94.288285,94.43702
2809,110.927638,110.850838,110.891542,110.927638,112.120342,112.603415
18290,100.468945,100.075455,100.247515,100.468945,100.496845,101.16398
2803,68.189198,67.98107,68.12699,68.189198,68.573198,70.42331
2800,94.7021,94.66754,94.672915,94.7021,94.707476,95.389459
2806,110.837782,108.786454,110.067478,110.837782,115.959575,121.602072
18298,105.850845,105.78255,105.81619,105.850845,105.93859,106.423685
2804,96.401684,96.370964,96.38018,96.401684,96.419348,96.873235
10664,109.827695,109.807325,109.82639,109.827695,109.911025,110.327605
1423,87.512082,87.303954,87.460626,87.512082,87.664914,89.08341
1425,94.503187,94.106131,94.348051,94.503187,94.712083,94.725139
3369,81.940241,81.856529,81.922577,81.940241,81.983249,82.387985
6326,113.615478,113.563598,113.592456,113.615478,113.676302,113.719759
28546,202.43482,202.35792,202.36008,202.43482,202.559855,203.0839
1428,80.090128,79.918864,79.978768,80.090128,80.358928,89.938962
28012,92.00301,91.42885,91.878685,92.00301,92.085285,92.13277
14731,77.898525,77.46084,77.636775,77.898525,78.65679,79.35686
28014,103.9528,103.76766,103.7798,103.9528,104.63572,107.32709
28543,159.577825,154.509635,157.92869,159.577825,161.13636,164.637965
3362,88.709394,88.683282,88.704786,88.709394,89.560338,89.827602
28541,76.89945,76.37075,76.636185,76.89945,77.759,85.82373
30270,89.398695,89.219265,89.28514,89.398695,89.51818,89.831315
34221,93.835155,93.787945,93.80438,93.835155,93.841705,94.401155
30275,21.20477,21.156715,21.189535,21.20477,21.22526,21.685605
30277,61.943285,60.56225,61.20107,61.943285,62.22882,65.500615
34225,219.602085,219.45132,219.58579,219.602085,219.606105,220.13482
30279,151.90448,151.635435,151.692075,151.90448,152.154455,152.320425
30278,92.363235,90.18487,91.331845,92.363235,93.23336,99.484255
13692,31.24285,29.731815,31.026535,31.24285,31.374485,31.83317
12173,119.4849,116.11328,117.815025,119.4849,120.72681,121.712455
4273,84.629778,84.55221,84.614418,84.629778,84.642066,85.430033
13960,74.577485,74.422885,74.54398,74.577485,74.75432,76.878495
4270,97.421588,97.242644,97.385492,97.421588,97.811732,109.883926
35179,135.619625,132.904875,134.739715,135.619625,137.4046,139.786595
13964,196.397935,196.353365,196.388015,196.397935,196.492785,196.700335
4279,56.669196,56.420364,56.5563,56.669196,60.287244,62.214156
6320,96.886625,96.781228,96.824833,96.886625,97.019103,97.379021
14342,88.83315,88.325245,88.363235,88.83315,89.324355,90.062475
18129,246.20667,246.107205,246.16083,246.20667,246.33455,247.72657
2016,94.596116,94.51394,94.55234,94.596116,94.880275,99.876884
2010,114.957335,114.843671,114.872855,114.957335,115.081751,115.510295
34598,88.636445,88.596105,88.62789,88.636445,88.66292,89.004885
34590,175.43998,174.51594,175.33242,175.43998,175.85939,177.018515
34591,114.00461,113.7998,113.941615,114.00461,114.159205,114.575145
34592,92.14938,92.10756,92.120015,92.14938,92.274665,92.553725
30096,120.823885,120.772645,120.81295,120.823885,121.027545,121.857265
34594,165.898565,165.57555,165.78177,165.898565,166.790975,168.42586
30090,189.55853,189.50524,189.51015,189.55853,191.758025,194.981505
34596,92.174155,92.095525,92.152805,92.174155,92.21663,92.51401
35318,154.66526,153.841045,154.100335,154.66526,154.80367,154.936065
13662,109.08424,108.680415,108.73877,109.08424,109.225325,109.809715
14340,78.264585,77.220835,77.323215,78.264585,79.036665,86.881495
4754,151.337502,151.141662,151.194654,151.337502,151.340574,152.11011
23180,121.051045,120.97494,121.03819,121.051045,121.090165,121.187475
23185,84.815295,84.77389,84.777285,84.815295,84.834495,85.402605
23184,84.083,84.056,84.076,84.083,84.087,84.311
23635,102.63797,102.594475,102.622535,102.63797,102.683355,103.140485
33483,154.373725,154.317575,154.34804,154.373725,154.388095,159.318935
23189,96.81339,96.756755,96.78991,96.81339,96.828915,97.244715
13666,45.140535,44.366615,44.394195,45.140535,45.518945,46.002175
30895,108.33188,107.70485,107.72125,108.33188,108.666255,109.13535
32251,100.911665,100.8344,100.859075,100.911665,100.96389,101.82533
30897,84.09531,84.022485,84.02521,84.09531,84.150605,84.416775
30896,89.68661,89.15156,89.1647,89.68661,90.19549,101.01808
30890,135.81221,135.380255,135.525985,135.81221,136.197475,136.483165
15063,86.84483,86.557095,86.78745,86.84483,87.05317,87.6345
19773,111.17591,111.17447,111.175725,111.17591,111.249655,111.533695
22320,117.177635,117.1282,117.157275,117.177635,117.23213,118.325265
22322,174.79796,174.37074,174.72721,174.79796,175.43289,178.307655
32254,109.99291,108.687215,108.721425,109.99291,110.598245,111.670165
16017,120.210545,120.0894,120.183725,120.210545,120.35998,121.029725
25670,80.59026,80.373065,80.417295,80.59026,80.66783,80.85038
25676,91.0674,90.982895,90.983555,91.0674,91.522075,91.54266
23459,214.22543,212.53923,213.136885,214.22543,214.92801,215.502375
16019,93.84729,93.82827,93.829295,93.84729,93.8556,94.23256
16018,208.84079,208.593565,208.807085,208.84079,208.851895,209.2554
23450,147.59945,147.3661,147.5895,147.59945,147.94263,148.33161
23452,18.22097,18.143055,18.176145,18.22097,18.24372,18.512195
23457,116.013665,115.01802,115.091535,116.013665,116.02257,116.1103
23984,23.031365,22.929475,22.993175,23.031365,23.24732,23.98833
27290,99.347665,98.908385,99.1406,99.347665,99.52129,100.07372
27297,118.52609,118.271565,118.36215,118.52609,118.649895,118.84287
27294,91.81038,91.750365,91.79651,91.81038,91.839715,92.39038
357,100.482068,100.474388,100.478996,100.482068,100.484372,101.231636
11072,116.678255,116.65116,116.66423,116.678255,116.713945,117.205115
353,79.906576,79.850512,79.872016,79.906576,79.948048,80.236816
4429,211.10481,211.046442,211.09713,211.10481,211.398186,211.745323
350,102.194709,101.386772,101.578773,102.194709,102.872853,103.183125
16605,140.45217,140.383205,140.428005,140.45217,140.51265,140.922415
16607,103.88453,103.63407,103.7277,103.88453,103.94405,103.99175
16601,114.149255,112.922405,113.779695,114.149255,114.692125,115.42991
16603,121.480315,121.43708,121.460285,121.480315,121.58404,121.954645
6125,60.505015,60.458757,60.475846,60.505015,60.529934,61.597517
6124,94.380903,94.229868,94.365733,94.380903,94.531659,95.145377
6127,9.396214,9.273244,9.290008,9.396214,9.482504,10.166566
32339,149.931245,149.786275,149.830465,149.931245,150.14654,151.39372
12771,83.439205,83.36563,83.38477,83.439205,83.45644,83.90561
6123,92.927699,92.90952,92.916635,92.927699,92.961913,93.36277
6122,61.176345,61.070596,61.094915,61.176345,61.34186,61.355189
32332,155.02953,154.491165,154.69367,155.02953,155.297,155.70291
32330,85.754465,85.735165,85.744735,85.754465,85.77378,86.083555
32331,86.9871,86.978795,86.98002,86.9871,87.000385,87.296615
6129,83.653261,83.613646,83.630911,83.653261,83.671807,83.880914
10446,27.46728,27.212695,27.3341,27.46728,27.56775,70.61929
32335,147.06169,146.90603,146.913155,147.06169,147.123135,147.316365
30727,132.62632,132.438795,132.56079,132.62632,132.792225,133.62146
15976,4.29,4.162035,4.166715,4.29,4.311175,4.968175
22585,98.62199,98.24337,98.520225,98.62199,99.08506,101.437705
22583,89.070125,88.988545,89.026845,89.070125,89.43209,89.79919
30724,96.000035,95.97336,95.978035,96.000035,96.03382,96.3971
10953,88.370975,87.62117,87.67946,88.370975,88.784175,91.18727
10951,114.18098,113.87288,113.8835,114.18098,114.4146,114.49761
10954,106.704185,106.686885,106.69074,106.704185,106.731185,106.974415
10955,101.806325,101.36483,101.7905,101.806325,102.05877,102.761445
21170,145.967685,145.90525,145.95216,145.967685,145.996,146.65701
16466,243.27618,243.170125,243.27218,243.27618,243.32264,243.871425
21173,205.39384,203.625405,203.74608,205.39384,205.54098,206.08268
12426,80.99474,80.7373,80.796845,80.99474,81.067875,81.752595
24988,78.245145,78.236955,78.24043,78.245145,78.254015,78.58595
24989,149.944915,149.83157,149.880035,149.944915,149.973295,150.203725
24982,86.585965,86.501905,86.565965,86.585965,86.633305,86.76331
4633,107.947798,107.425558,107.556118,107.947798,109.988374,110.818582
21770,192.078015,191.485195,191.73439,192.078015,192.681255,193.093015
13521,81.51997,81.467735,81.505455,81.51997,81.556245,82.322365
15979,80.456095,79.8615,80.029645,80.456095,81.431995,82.18947
2257,117.572376,117.480216,117.508632,117.572376,117.794328,118.554648
2256,110.672662,109.668118,109.819414,110.672662,111.151894,118.447128
31631,92.767005,92.67868,92.725245,92.767005,92.83231,93.15858
2253,77.952784,77.693968,77.913616,77.952784,78.22696,85.34709
2252,95.031571,94.887955,94.895636,95.031571,95.38562,96.076819
4636,83.728145,83.692817,83.702801,83.728145,83.879441,84.499985
21350,76.96682,76.90738,76.921165,76.96682,76.976675,77.43439
21351,90.841105,90.776725,90.821995,90.841105,90.85486,91.34679
24180,99.670345,99.331545,99.66624,99.670345,99.89187,100.33713
21357,98.63223,98.30212,98.44612,98.63223,98.711895,99.84351
21358,86.61414,86.42699,86.611625,86.61414,86.738925,87.421875
21359,111.420475,110.35197,111.32374,111.420475,112.609675,113.073875
24188,114.213635,111.457225,112.268125,114.213635,115.57125,116.657495
13781,108.9965,108.93563,108.969765,108.9965,109.15186,109.39935
22919,97.48695,97.367345,97.394185,97.48695,97.67031,97.73755
22918,93.705915,93.143235,93.223495,93.705915,94.01356,94.146415
22916,105.94112,105.662285,105.74532,105.94112,106.056945,106.19896
32073,81.4638,81.15383,81.461985,81.4638,81.5717,81.813895
22911,82.876735,82.824375,82.857685,82.876735,82.91423,83.720935
22910,92.832265,92.82087,92.82617,92.832265,92.865685,93.40051
4800,212.735275,212.646954,212.706859,212.735275,212.785195,213.424939
32072,125.65447,120.828015,123.69294,125.65447,127.03468,128.75001
2781,143.477021,142.448669,142.553885,143.477021,144.112925,144.750365
2780,96.680467,96.605971,96.669715,96.680467,97.050644,99.499796
4806,110.452246,110.208022,110.374678,110.452246,110.474518,111.431446
4808,119.345689,118.874904,118.935576,119.345689,119.371033,119.756568
4809,141.543196,141.403421,141.422621,141.543196,141.556253,142.113053
257,95.80802,95.767316,95.780372,95.80802,96.202771,97.46306
11605,101.49885,101.49592,101.49628,101.49885,101.71773,102.195135
10603,126.925985,122.174165,122.597045,126.925985,130.506265,134.53603
2079,131.798043,129.151514,131.515418,131.798043,131.801883,133.186587
11606,159.085655,158.95711,159.02461,159.085655,159.151655,159.565445
11601,105.461965,101.102035,105.05234,105.461965,105.86461,106.22318
11600,102.3265,102.29017,102.30207,102.3265,102.32701,102.871765
10605,112.21347,111.88831,112.141195,112.21347,112.252055,112.717995
2071,122.495257,122.115864,122.143512,122.495257,122.554393,137.56342
2070,147.164957,147.148829,147.162653,147.164957,147.167261,148.03203
2076,91.404306,91.38357,91.396626,91.404306,91.849746,91.888147
2075,112.525078,112.243222,112.293142,112.525078,112.609558,113.693975
2074,90.275346,90.259218,90.264594,90.275346,90.28917,90.846739
33469,242.03281,240.439925,241.470105,242.03281,243.252825,246.38506
11958,101.57687,101.45145,101.48094,101.57687,101.729235,102.29082
18469,108.941735,108.054905,108.663565,108.941735,111.77993,112.172105
11955,99.924135,99.831665,99.92072,99.924135,100.64308,100.65011
33464,120.97039,120.13696,120.36089,120.97039,121.62872,121.64369
18465,103.12939,103.04432,103.06262,103.12939,103.176525,103.684985
33461,103.82258,103.70173,103.757425,103.82258,103.920325,104.700195
14122,93.80764,93.752195,93.764105,93.80764,93.81054,94.18151
33463,114.215445,113.780385,113.989585,114.215445,114.613395,128.71414
17736,8.32816,8.31251,8.31443,8.32816,8.34322,8.8021
27981,138.00799,137.9906,137.992895,138.00799,138.189245,138.787675
17739,45.021075,44.417285,44.7065,45.021075,45.431165,45.63303
31967,85.95228,85.72915,85.86684,85.95228,85.968055,86.28227
33208,87.853985,85.47608,86.164445,87.853985,92.07167,101.988915
18609,103.81966,103.78167,103.78738,103.81966,103.827655,104.52282
18602,99.5844,98.881165,99.267995,99.5844,100.156535,100.356185
31046,103.03258,102.92801,102.99145,103.03258,103.67098,103.722265
18600,102.45901,102.329285,102.397755,102.45901,102.495445,106.352495
18601,78.75432,78.70901,78.74696,78.75432,78.76923,78.948145
33205,93.88024,93.344965,93.73821,93.88024,93.88759,95.20551
33204,132.39378,132.02345,132.393535,132.39378,132.485315,132.713765
18604,99.910065,99.748355,99.87251,99.910065,100.694065,100.821135
14384,268.93769,267.296565,267.432,268.93769,269.109915,270.78024
34961,101.21135,100.40951,100.769155,101.21135,101.533035,101.567615
34960,101.493575,101.25848,101.47211,101.493575,101.759025,102.49211
34963,84.82545,84.816095,84.817195,84.82545,84.82987,85.179565
34962,17.167615,16.594995,17.027075,17.167615,18.460955,19.29724
34965,112.624745,111.9428,112.078585,112.624745,112.72503,118.271265
18233,103.846965,100.776485,102.85449,103.846965,107.320145,107.775205
12976,133.19847,132.5548,132.6964,133.19847,133.207755,133.701335
12977,113.56991,113.17533,113.551885,113.56991,113.724165,114.46147
12975,231.01994,230.48524,230.856955,231.01994,231.283445,231.28347
15653,260.80247,260.74415,260.74607,260.80247,260.891475,261.621095
15651,109.12285,108.36461,108.70124,109.12285,109.8297,110.459005
29000,8.299025,8.23347,8.27562,8.299025,8.331115,8.682415
27437,129.871185,128.290975,129.1951,129.871185,131.167455,131.43982
29550,125.902125,125.835085,125.88735,125.902125,126.359625,126.5399
29551,100.71769,100.661255,100.686805,100.71769,100.72685,100.97378
29004,29.572055,29.362555,29.470865,29.572055,30.10021,30.45188
29557,116.54358,115.9553,116.434555,116.54358,116.70301,133.942105
29554,150.212185,149.88053,150.199725,150.212185,150.269555,150.755705
19964,124.99976,124.9159,124.990455,124.99976,125.027095,125.522115
15387,14.632795,9.886125,12.150915,14.632795,15.85679,17.05388
15381,54.649075,54.36793,54.37959,54.649075,55.14838,55.1751
15383,117.820185,117.798345,117.81026,117.820185,117.84875,118.09376
15389,86.257355,85.94504,86.15938,86.257355,86.53989,87.47275
32845,106.28393,106.23145,106.263265,106.28393,106.326865,106.913805
26767,97.66309,95.894255,96.394365,97.66309,98.792695,99.369805
20359,120.11007,119.737205,120.076805,120.11007,120.479325,120.929835
27438,222.666545,222.63011,222.646015,222.666545,222.750375,223.25192
34788,48.64439,43.247045,44.103765,48.64439,51.68238,64.67481
34785,91.647735,90.35664,90.386905,91.647735,93.93622,95.010375
34786,48.48417,47.401445,48.08095,48.48417,49.26688,51.041645
34780,79.345415,78.8678,79.016245,79.345415,79.747415,80.687405
34782,19.071025,18.782965,18.7905,19.071025,19.204575,19.365735
24400,81.09085,81.049145,81.069375,81.09085,81.10066,81.55044
4390,152.133151,152.095518,152.114718,152.133151,152.196126,152.785183
4391,95.596051,95.044628,95.167508,95.596051,96.455444,105.242133
472,79.090192,79.037968,79.061008,79.090192,79.104784,79.719184
473,243.260977,243.191089,243.192625,243.260977,243.351601,243.744817
1364,125.381401,125.155609,125.239321,125.381401,125.789209,141.7759
3194,91.302162,91.196946,91.292946,91.302162,91.984147,93.836563
28757,118.564515,117.352345,117.688185,118.564515,118.850655,119.62582
3192,96.328723,96.200467,96.32258,96.328723,96.3725,97.414676
28755,115.892975,115.82533,115.852375,115.892975,115.97142,116.26132
28754,113.606485,112.549915,112.65273,113.606485,114.989125,115.554995
28977,104.038775,103.5925,103.96676,104.038775,105.332035,105.50601
28204,33.28715,31.26292,32.89788,33.28715,35.58115,35.90468
28759,101.13317,101.073785,101.09171,101.13317,101.18575,101.548315
28973,114.088215,109.43204,111.552155,114.088215,118.779415,119.60523
28970,107.17876,107.12714,107.15206,107.17876,107.28102,107.495525
22466,115.056205,115.030625,115.05012,115.056205,115.063275,115.473195
22464,107.755235,107.64021,107.661075,107.755235,108.140625,116.92128
22461,93.23295,92.84753,93.21456,93.23295,94.3956,96.250655
34906,107.532065,107.174705,107.279115,107.532065,107.62189,107.901055
13734,238.426495,238.31886,238.33448,238.426495,238.47445,238.808095
13732,202.814855,202.51485,202.53058,202.814855,202.938465,203.710715
4020,132.437786,132.274202,132.383258,132.437786,132.748058,133.929243
13291,124.437335,123.21117,123.259995,124.437335,126.074105,131.07739
26374,103.024655,102.92074,102.934195,103.024655,104.12785,109.536615
4029,108.03535,107.950102,107.96239,108.03535,108.138262,108.74959
11383,213.57415,155.787425,192.32739,213.57415,253.508015,338.649905
11384,102.61922,102.5036,102.520735,102.61922,102.740235,102.89401
23369,85.78302,85.52121,85.58159,85.665865,85.69333,85.71858,85.84746,85.874975,85.9046,86.21657,86.39145
3999,92.297491,91.239186,91.312914,92.297491,95.199763,166.331938
32528,106.175325,106.11726,106.12605,106.175325,106.179835,106.690745
32527,95.533655,95.2777,95.50337,95.533655,95.795235,96.393895
32834,37.698805,34.13024,35.9752,37.698805,43.02359,46.31708
32525,127.955305,127.46227,127.951855,127.955305,128.064635,128.64525
3992,125.28617,125.170201,125.202457,125.28617,125.300762,125.571098
32520,112.189665,111.943425,112.146015,112.189665,112.494955,112.848465
20873,127.425445,127.084815,127.323455,127.425445,127.492215,127.882675
23840,14.81899,14.1766,14.732535,14.81899,18.96567,20.002145
34380,167.811185,167.52323,167.604555,167.811185,168.19511,168.29148
32789,111.26762,110.612445,111.067795,111.26762,111.44238,111.83014
298,122.862361,122.823193,122.833177,122.862361,123.325465,123.819289
299,95.692052,95.597588,95.616788,95.692052,95.85794,96.469268
32783,153.12461,152.91626,153.120365,153.12461,153.231675,153.70232
297,100.232468,99.769364,100.026644,100.232468,100.548116,101.088021
32787,152.10628,151.50389,151.68337,152.10628,152.416995,152.986715
293,108.558358,108.298774,108.31951,108.558358,111.051286,111.298582
32785,84.3375,84.30344,84.319065,84.3375,84.381245,85.03658
32784,85.962885,85.56971,85.70246,85.962885,86.396705,86.60641
25445,113.63198,112.754905,113.12275,113.63198,114.237445,115.8797
25114,114.35637,114.29713,114.338545,114.35637,114.573025,114.621155
25440,112.287595,111.506965,111.508565,112.287595,113.289605,113.62039
25441,98.81369,98.78662,98.80848,98.81369,99.1871,99.18859
25442,115.84625,113.312245,113.68064,115.84625,129.789725,133.70744
25111,265.10338,265.04507,265.05472,265.10338,265.13332,265.603745
2443,105.856533,103.501845,104.736021,105.856533,105.954838,106.69903
2440,89.953554,89.942802,89.948945,89.953554,90.014226,90.324498
2444,96.250388,95.84642,96.13058,96.250388,96.363284,97.7933
2445,89.919762,89.283858,89.712402,89.919762,90.07797,90.318354
2449,115.544087,115.105559,115.274519,115.544087,115.918103,120.709656
16818,123.02932,120.84179,121.332265,123.02932,123.189075,124.45346
16813,82.35661,80.56772,81.075415,82.35661,83.14792,84.57758
16812,115.33752,114.899695,115.042985,115.33752,115.704685,115.93095
16815,76.78795,76.589665,76.727635,76.78795,77.312815,77.4057
12121,100.424075,99.38941,100.17556,100.424075,101.078645,102.293105
12120,99.309415,99.27594,99.277385,99.309415,99.313345,99.764675
12125,101.045835,100.92718,101.019795,101.045835,101.1318,101.310595
12124,36.31439,32.446885,33.778885,36.31439,38.850105,41.593625
10141,104.96939,104.79791,104.85972,104.96939,105.241725,105.551305
4978,120.587544,119.8134,119.971608,120.587544,121.066008,121.400856
10415,62.472,62.432435,62.44929,62.472,62.480055,63.1097
10413,23.836385,23.80734,23.82531,23.836385,23.85157,24.33555
28316,108.35594,108.266825,108.271155,108.35594,108.38989,108.765145
10419,89.681155,82.926405,84.16729,89.681155,95.89964,97.520025
10418,25.346125,25.300385,25.32229,25.346125,25.391385,26.269465
21729,98.853495,98.697615,98.734515,98.853495,98.947885,99.39714
33073,240.64876,240.561055,240.567735,240.64876,241.08025,242.32666
33076,70.6154,70.336595,70.341745,70.6154,70.89166,71.024535
33077,154.221875,154.135585,154.178455,154.221875,154.24183,154.51899
18859,121.080215,120.93708,121.06163,121.080215,121.124165,121.647165
18858,104.450905,104.218335,104.33022,104.450905,104.461885,104.822915
21721,116.834055,113.772095,116.779725,116.834055,117.86302,119.225095
18856,99.519635,99.489505,99.51134,99.519635,99.545125,99.989605
33078,243.81943,243.5978,243.768425,243.81943,243.822865,244.37865
21725,282.796905,282.66054,282.735795,282.796905,282.81116,284.16708
32446,83.666595,83.559865,83.574985,83.666595,83.759295,84.258985
21726,115.11433,112.66742,114.850825,115.11433,115.23101,116.356395
26970,132.019025,131.72946,131.979605,132.019025,132.13833,133.740935
3207,111.493655,109.286423,111.416855,111.493655,113.897495,114.594839
3206,109.131286,107.260438,108.54991,109.131286,110.112022,132.655899
3205,95.21282,94.933267,95.133716,95.21282,95.328787,95.363347
3204,92.271379,92.111635,92.121619,92.271379,92.343571,92.854291
3203,96.922387,96.863251,96.902419,96.922387,97.199635,97.518356
3202,123.732505,123.641112,123.684888,123.732505,123.887641,124.766233
3208,101.878292,101.731604,101.81378,101.878292,102.872085,123.516697
14720,115.161485,115.057905,115.100635,115.161485,115.23971,115.90134
28109,117.083485,116.624925,116.908365,117.083485,117.37091,118.160455
2862,115.001111,114.991895,115.000343,115.001111,115.697687,115.707671
558,86.115857,85.549073,86.018322,86.115857,86.498322,87.17493
2866,104.937237,104.690709,104.856597,104.937237,105.049365,105.488661
2867,96.415508,96.30338,96.3341,96.415508,96.687379,97.85858
2868,152.974111,152.865055,152.892703,152.974111,153.040927,153.570847
29962,97.590865,97.165065,97.38089,97.590865,97.683235,98.226705
29960,40.60844,40.56793,40.60655,40.60844,40.62914,41.311615
28002,131.535505,131.50143,131.50517,131.535505,131.563375,131.74929
24238,236.726355,233.948865,236.095145,236.726355,236.756145,236.849855
28566,84.095585,84.016745,84.07211,84.095585,84.158515,84.58617
28567,101.96248,101.803895,101.891465,101.96248,102.524435,206.051675
14242,80.307735,79.47438,80.189665,80.307735,83.90083,93.64136
28562,116.019165,115.93253,116.008885,116.019165,116.15695,116.65846
24230,202.458265,202.270125,202.417475,202.458265,202.48029,202.67213
14719,94.48149,94.37852,94.44043,94.48149,94.731495,95.169825
28568,117.374075,117.277245,117.342395,117.374075,117.409205,117.618585
14248,99.37505,99.18174,99.24708,99.37505,99.42584,99.604915
33699,26.227985,24.8358,25.73528,26.227985,26.580805,32.731105
1198,41.487368,41.296136,41.408264,41.487368,41.570312,43.135497
1190,162.75152,161.944352,162.357537,162.75152,162.861344,164.703009
1193,17.548036,13.489155,15.585027,17.548036,21.076228,22.32346
1192,218.920747,217.860908,218.49758,218.920747,218.955308,220.088108
1194,51.646474,51.26401,51.538954,51.646474,51.968266,53.884427
3344,114.633239,114.572568,114.610967,114.633239,114.673943,115.127831
3345,96.770324,96.700436,96.740372,96.770324,96.815636,97.189651
30529,94.076215,93.914285,94.007265,94.076215,94.153775,94.47077
30528,78.80245,78.31081,78.795425,78.80245,79.1282,79.90379
30259,100.563475,100.4191,100.47209,100.563475,100.582145,100.80881
30258,50.72865,50.34951,50.361165,50.72865,51.3807,52.453085
34200,227.34883,227.174365,227.19059,227.34883,227.742395,227.93755
34201,158.285645,157.83092,158.188835,158.285645,158.365415,159.19657
30527,104.767315,103.702935,104.26302,104.767315,105.0365,107.87284
34203,59.132935,57.84452,59.0651,59.132935,59.361035,60.05522
30253,29.64385,29.588195,29.634435,29.64385,29.653345,30.07292
34207,81.583235,81.553695,81.583225,81.583235,81.58446,82.168315
4259,108.668182,108.321046,108.427798,108.668182,108.971542,109.51375
4258,93.724435,93.049363,93.352723,93.724435,93.967891,94.318099
4251,109.214998,108.082966,108.91471,109.214998,110.244118,125.256985
31695,137.06769,136.657055,137.02517,137.06769,137.860445,138.032905
13942,26.70815,26.15876,26.1738,26.70815,27.572575,28.83873
31697,114.28356,114.16957,114.201945,114.28356,114.727215,115.69519
31122,103.50737,99.868565,101.50441,103.50737,106.178445,108.15112
31123,117.45628,117.110265,117.32889,117.45628,117.897655,259.857785
31692,103.740875,103.674335,103.711645,103.740875,103.839505,104.814735
31121,60.290525,60.181095,60.2691,60.290525,60.851085,61.645975
18149,217.41304,217.376525,217.4029,217.41304,217.427825,218.313145
28691,4.8692,3.30891,4.439305,4.8692,5.23183,8.01513
28696,84.296045,84.273645,84.283525,84.296045,84.312875,84.79105
28694,288.195735,259.78084,271.70939,288.195735,330.699105,344.964515
28695,139.186825,135.89148,139.18159,139.186825,146.152945,158.5775
28698,97.400845,97.35449,97.36158,97.400845,97.41493,98.597955
18145,102.834965,102.421525,102.798225,102.834965,102.87171,104.30039
4260,94.715155,94.219795,94.463251,94.715155,94.904083,95.2205
31348,113.769915,113.15383,113.755005,113.769915,113.885975,113.904375
31349,87.8679,87.8538,87.8647,87.8679,87.87521,88.254075
31342,160.253855,127.862675,151.067285,160.253855,161.246305,165.251325
31346,111.34259,111.308465,111.31561,111.34259,111.358735,111.72294
31344,7.11587,7.098605,7.113385,7.11587,7.14228,7.667695
19784,100.970405,100.963095,100.96556,100.970405,100.972025,101.543085
23618,114.706125,114.64285,114.674475,114.706125,114.772035,115.53402
23613,112.66807,112.633085,112.639455,112.66807,112.68323,112.83132
4264,97.115156,96.774931,97.012243,97.115156,97.258772,97.346324
23610,80.24859,80.154235,80.1962,80.24859,80.258685,80.96717
23617,114.673555,112.21141,113.091485,114.673555,115.00839,115.23828
15041,101.707585,101.64534,101.659835,101.707585,101.98508,102.72672
15044,102.35097,101.00927,102.10986,102.35097,102.559985,102.99522
27762,93.47974,93.33087,93.363275,93.47974,93.56649,94.08077
15049,98.289175,96.61598,97.471755,98.289175,99.19962,101.535065
15048,102.074265,102.02116,102.02962,102.074265,102.083345,102.39542
27766,125.88775,123.30615,125.869775,125.88775,126.672995,134.102815
1340,125.832985,125.687833,125.799193,125.832985,125.979673,126.455834
29617,112.376425,112.037335,112.101125,112.376425,112.54496,112.59808
29616,107.971115,107.493125,107.76307,107.971115,108.22513,108.829925
29610,93.80682,93.73963,93.76891,93.80682,93.832395,94.259495
29612,104.192505,104.10112,104.103435,104.192505,104.38055,105.65143
1342,95.904788,95.887124,95.893268,95.904788,95.913236,108.693525
25947,144.083645,143.784935,143.971125,144.083645,144.0971,145.14399
3834,126.366745,126.349849,126.354457,126.366745,126.425882,126.931226
23474,124.74973,124.634485,124.7135,124.74973,125.199685,125.314065
3831,98.36546,98.345492,98.36162,98.36546,98.596628,99.035156
23471,214.3479,214.214645,214.242185,214.3479,214.452735,217.782865
28210,165.463825,164.858905,165.463365,165.463825,165.80389,166.36424
6228,38.794741,38.770266,38.779685,38.794741,38.871991,39.207402
378,107.205142,107.14447,107.18671,107.205142,107.242006,107.572246
373,108.859414,108.775702,108.804118,108.859414,108.87247,109.426966
35339,127.530485,126.02797,126.326565,127.530485,127.98934,129.965225
35338,112.422045,112.19884,112.40975,112.422045,113.42403,114.632245
32646,103.08697,102.87784,102.975685,103.08697,103.276105,104.32456
32647,103.03859,102.808575,102.86774,103.03859,103.37704,103.448815
32644,88.44956,88.374415,88.44786,88.44956,88.742105,104.034185
32313,185.05816,171.512435,178.940155,185.05816,193.388525,233.75504
32314,232.248605,231.25587,231.48324,232.248605,232.279015,232.30287
16667,91.700015,91.385425,91.62529,91.700015,91.70288,92.376365
16664,31.300295,30.87096,31.104645,31.300295,31.858645,31.906285
16665,103.10944,103.062655,103.06921,103.10944,103.14805,103.64647
32318,83.418215,83.25079,83.31329,83.418215,83.52862,84.23353
31283,116.21844,116.202435,116.21599,116.21844,116.281605,116.874
14640,94.775715,93.97678,94.232345,94.775715,94.913485,95.00928
32648,105.39611,102.996295,104.452005,105.39611,231.416045,411.069335
19369,97.09273,96.679105,96.91125,97.09273,97.253775,97.601925
6143,58.770028,58.719813,58.757618,58.770028,58.793912,59.316185
12713,110.621545,110.532365,110.552245,110.621545,110.924795,110.940175
6141,90.328126,90.256428,90.258808,90.328126,90.402633,90.690641
12711,91.55925,91.484525,91.54569,91.55925,91.59282,92.68343
12716,90.33325,90.137675,90.26339,90.33325,90.6905,90.94007
12717,113.92701,113.89393,113.913935,113.92701,113.96659,114.2917
6145,201.629372,201.574439,201.59507,201.629372,201.664754,201.834648
6144,0.845998,0.758682,0.768771,0.845998,1.063657,2.180561
18549,91.476935,90.88689,91.32862,91.476935,92.218505,92.41708
6149,219.056799,219.02023,219.036238,219.056799,219.068398,219.442367
12719,81.264335,81.15624,81.212995,81.264335,81.29198,81.82377
14647,107.05369,106.611345,106.896745,107.05369,109.329265,110.123375
10972,127.634045,127.320205,127.3655,127.634045,127.926335,128.642975
10973,114.19311,114.177055,114.189025,114.19311,114.43531,114.89925
10977,266.259455,266.254885,266.25812,266.259455,266.26552,266.711105
14645,93.38268,93.346635,93.37585,93.38268,93.38385,93.75491
19302,136.9696,136.947395,136.960905,136.9696,137.00162,137.50214
25610,97.905095,96.84052,96.99372,97.905095,98.876,99.858795
19303,94.124125,94.074895,94.117565,94.124125,94.611085,95.90966
25615,135.860575,135.69117,135.831845,135.860575,135.948785,136.307345
25616,109.75064,109.46146,109.61598,109.75064,109.8914,109.922275
26492,134.956365,134.858945,134.902535,134.956365,134.991625,135.42259
25618,155.450355,155.237205,155.337165,155.450355,155.792245,156.195955
26491,103.175805,102.69331,102.843875,103.175805,103.48186,107.77839
26496,18.87291,18.85461,18.85633,18.87291,18.88572,19.264965
26497,102.235305,102.14209,102.169415,102.235305,102.293865,103.273515
21112,67.356655,67.24056,67.30757,67.356655,67.580435,67.89244
21113,125.611565,125.545865,125.578925,125.611565,125.62372,136.894785
19306,109.582515,109.54789,109.574365,109.582515,109.5963,110.002785
19307,86.723865,86.69755,86.70166,86.723865,86.858325,87.001
34161,157.178635,157.13519,157.135425,157.178635,157.19109,157.798105
22702,145.74775,144.940455,145.38926,145.74775,145.77628,145.935475
22709,24.678765,22.845585,23.91518,24.678765,26.57465,30.96865
2275,94.984724,94.89794,94.926356,94.984724,95.083028,95.341075
2274,171.564322,171.409186,171.428386,171.564322,171.586594,172.191779
2277,154.116895,153.828127,154.023967,154.116895,154.595359,155.433247
2276,111.330838,110.78863,110.995222,111.330838,111.442966,111.70639
2271,152.636191,152.37507,152.386591,152.636191,153.79971,154.434847
26145,84.357155,84.279175,84.311725,84.357155,84.380825,84.953195
26147,76.115525,74.959895,75.75709,76.115525,76.452895,78.32819
26148,226.152915,226.00669,226.141855,226.152915,226.266285,226.82932
34432,116.828605,116.268855,116.80149,116.828605,116.84785,117.50018
11595,114.32924,114.317655,114.32723,114.32924,114.346755,114.574835
11594,131.200225,130.50645,130.921505,131.200225,131.450075,132.732965
21378,16.029345,15.813495,15.929805,16.029345,16.11,16.75816
11590,120.441635,120.033765,120.086755,120.441635,120.522845,120.61088
11593,105.1975,105.117065,105.119005,105.1975,105.322685,105.88749
11592,102.442805,102.391015,102.412305,102.442805,102.77574,103.212065
11598,101.65508,101.611935,101.61883,101.65508,101.693735,102.177015
17282,39.96687,39.514645,39.86781,39.96687,41.716175,42.282035
17280,184.841895,184.835445,184.84106,184.841895,184.89076,185.330115
17286,119.189395,119.15889,119.16296,119.189395,119.194845,119.449795
17285,125.064185,125.02979,125.050165,125.064185,125.138525,125.409085
17534,20.019475,20.00312,20.018705,20.019475,20.050055,20.433835
17537,234.64106,233.88028,234.47971,234.64106,235.345805,236.712185
17536,80.227755,79.993955,80.0005,80.227755,81.71778,82.4349
17533,110.39393,109.8261,110.25024,110.39393,110.52394,110.597745
2051,106.731286,106.690582,106.71439,106.731286,106.937878,107.033878
2050,113.385239,113.237015,113.330711,113.385239,113.534231,113.752343
4539,116.419608,116.372759,116.389655,116.419608,116.48028,116.888856
4828,108.160534,107.803414,108.029974,108.160534,108.907029,113.139479
4534,123.760153,123.336217,123.382297,123.760153,123.789337,124.402201
13444,117.19746,116.50363,116.80275,117.19746,117.57947,125.69233
4537,103.769877,103.093269,103.643925,103.769877,105.069333,105.102358
13441,80.104955,80.051855,80.0755,80.104955,80.22003,80.72105
4531,110.410006,110.227222,110.232598,110.410006,110.546711,110.617367
13443,124.426425,124.33316,124.422675,124.426425,124.519165,125.007365
13442,81.532625,81.51123,81.526835,81.532625,81.678845,82.26749
11623,162.05219,162.00257,162.020695,162.05219,162.462645,163.33289
11621,78.52859,78.483965,78.52557,78.52859,78.61805,78.874535
11620,105.521955,105.486525,105.486595,105.521955,105.570335,107.516555
11626,114.90595,114.873535,114.881665,114.90595,114.906845,115.3689
11624,105.09594,105.08983,105.095005,105.09594,105.19807,105.485225
10620,97.298295,96.62914,97.063655,97.298295,98.195695,112.1933
11629,114.30833,114.243945,114.30053,114.30833,114.37721,114.936155
10506,0.97362,0.91793,0.94337,0.97362,2.61922,5.177715
10626,51.10001,50.68665,50.74307,51.10001,51.335235,52.001565
33198,229.1595175,228.68085,229.638185
33449,91.311475,90.93722,91.04999,91.311475,91.38571,91.535805
33448,110.36922,110.06134,110.150725,110.36922,110.55512,110.80208
21412,88.002935,87.96461,87.980965,88.002935,88.08427,88.698465
33442,93.950775,93.884135,93.89324,93.950775,93.95111,94.304905
33193,13.42324,12.899495,12.91875,13.42324,13.45953,14.162555
33192,316.99025,316.973565,316.98902,316.99025,317.068375,318.11612
33447,96.658765,96.431645,96.51083,96.658765,96.807395,97.550915
33194,127.20663,127.167745,127.172805,127.20663,127.388875,127.62549
33445,95.40502,95.397255,95.402465,95.40502,95.873215,96.164665
33444,109.907365,109.657305,109.90103,109.907365,110.26109,111.50467
17758,101.30202,101.259705,101.266075,101.30202,101.32672,101.754535
20649,117.28007,117.107805,117.216655,117.28007,117.326475,117.62666
21417,91.53782,91.490885,91.531935,91.53782,91.552445,92.082695
20647,21.35782,20.45516,21.12034,21.35782,21.562845,25.09585
27961,114.538945,114.39691,114.405745,114.538945,114.61887,114.873595
27960,120.82558,120.61552,120.63083,120.82558,121.190635,124.52639
17757,63.07433,62.342475,62.66302,63.07433,63.92268,64.83673
18944,111.08374,111.06754,111.078515,111.08374,111.11101,111.55781
13199,98.39016,94.525555,96.099985,98.39016,99.96333,120.579505
13198,88.27845,88.162735,88.26878,88.27845,88.2862,88.75855
18946,106.05667,105.980655,106.049785,106.05667,106.142065,106.33096
13195,129.29282,129.163705,129.203895,129.29282,129.29768,129.7426
14368,78.75106,78.722755,78.74286,78.75106,78.753085,78.955225
20468,91.04756,90.97,90.99099,91.04756,91.05576,91.5033
34948,112.55089,110.566695,110.572405,112.55089,115.11141,119.38246
20461,154.84627,154.812345,154.845845,154.84627,154.916045,155.20454
34945,86.707495,86.592945,86.64801,86.707495,86.76481,91.398825
20390,299.76304,291.986275,293.56883,299.76304,306.43436,324.081785
20467,88.17113,88.115525,88.138065,88.17113,88.21979,88.7764
20466,89.958055,89.48304,89.748595,89.958055,90.25919,90.514395
10089,93.123985,91.888515,92.83038,93.123985,95.64262,95.99045
10087,103.85846,103.825455,103.841005,103.85846,103.860315,104.379415
10080,149.21195,149.103265,149.18971,149.21195,149.23948,149.386645
18444,101.71362,101.700635,101.7069,101.71362,101.734785,102.309415
18442,111.760925,111.727185,111.731725,111.760925,112.345475,125.169175
4551,21.424132,21.169924,21.230596,21.424132,22.279684,22.393349
12955,222.756045,222.048505,222.087585,222.756045,225.146855,235.007305
12956,265.66126,265.091915,265.34469,265.66126,265.758355,267.327935
15673,118.179295,118.145205,118.168055,118.179295,118.188105,118.65037
33991,187.9396,179.377695,181.1871,187.9396,244.387985,287.71281
33226,77.94022,77.912685,77.934755,77.94022,77.992975,78.53862
33993,261.598475,261.51123,261.59643,261.598475,261.650325,262.32563
33992,98.24133,97.94158,98.184395,98.24133,98.300445,98.753345
33995,80.267165,79.59711,80.246125,80.267165,80.71008,81.171305
33994,92.050785,91.999355,92.04915,92.050785,92.10356,92.556735
18626,212.12022,212.10007,212.119685,212.12022,212.176305,212.628545
33229,84.524225,84.496515,84.504635,84.524225,84.581245,84.700635
30756,100.04844,99.812505,99.850925,100.04844,100.81336,101.04586
30752,114.899965,114.885815,114.88691,114.899965,114.963655,115.39042
30753,87.90996,87.89887,87.908135,87.90996,88.03273,88.656355
34417,98.3136,97.9957,98.117175,98.3136,98.318065,98.87098
34411,123.896385,123.39499,123.42788,123.896385,124.008705,124.09883
30758,101.08696,100.875035,100.936575,101.08696,101.788085,102.02981
30759,114.58716,111.976095,112.39328,114.58716,115.306605,127.90782
26709,175.73148,174.52154,174.75231,175.73148,177.045165,177.957345
24392,78.357355,78.313145,78.31869,78.357355,78.3964,79.273615
24903,104.7905,104.724355,104.732545,104.7905,105.21702,105.546035
26707,62.91551,62.26444,62.915305,62.91551,63.17191,63.2008
26705,93.85883,93.83622,93.853515,93.85883,94.02924,94.03895
19620,49.235155,48.793555,49.06857,49.235155,49.28998,49.39006
24907,101.250745,100.97446,101.24658,101.250745,101.39059,102.098385
18762,107.054385,106.984405,106.995745,107.054385,107.057745,107.87592
33520,103.252475,102.76167,102.89934,103.252475,103.30073,103.82915
17587,77.20579,68.78363,72.932135,77.20579,79.71334,84.776625
33522,109.913405,108.887935,109.18045,109.913405,110.60351,113.527835
17129,79.00995,78.91994,78.960175,79.00995,79.04201,79.41569
14505,187.646995,187.484825,187.63483,187.646995,187.930625,188.081485
14361,69.20058,67.66783,67.851335,69.20058,69.47527,75.00959
14797,268.41962,268.388565,268.405545,268.41962,268.597335,269.26325
14502,115.38158,114.92179,115.263775,115.38158,115.529765,117.315305
28739,102.55634,102.471325,102.54405,102.55634,102.605695,102.876125
28738,112.77573,109.80086,110.98057,112.77573,115.488705,128.888575
416,97.062932,96.94466,97.00226,97.062932,97.377812,97.448468
28228,148.528965,147.37602,148.278815,148.528965,148.588065,148.719245
410,119.024664,118.979352,119.009304,119.024664,119.198233,119.612184
1389,99.154964,98.635028,98.78018,99.154964,99.533589,99.937556
412,143.347229,143.028509,143.327261,143.347229,143.520029,143.793437
1384,114.253847,113.964311,114.233879,114.253847,114.658583,115.064855
28221,75.728035,75.386355,75.5633,75.728035,75.77883,75.869095
1387,105.130774,104.765205,104.974101,105.130774,105.198357,105.326614
28227,123.227565,122.87885,122.917385,123.227565,123.3482,123.38744
28734,10.779755,8.983625,9.26438,10.779755,12.74001,15.336095
28737,122.128385,121.337895,121.579175,122.128385,122.675175,122.875235
20277,86.95685,86.94242,86.94407,86.95685,86.96592,87.571605
20628,36.753085,36.32595,36.686935,36.753085,36.961345,36.993545
11363,90.309915,89.94902,90.262435,90.309915,90.430675,90.802435
11361,132.282525,132.27987,132.28095,132.282525,132.31892,132.784475
32819,155.269445,155.008505,155.1491,155.269445,155.45799,155.597685
19178,250.83049,249.73461,249.859345,250.83049,250.852915,251.249685
19172,73.86269,73.77175,73.840535,73.86269,74.39141,76.742485
32816,77.164045,77.117605,77.134735,77.164045,77.176645,77.89825
19174,217.14649,217.069955,217.12058,217.14649,217.232425,218.118965
28956,112.38357,112.234925,112.3334,112.38357,112.63512,113.502975
35458,107.09353,106.98438,107.00147,107.09353,107.10802,107.401695
35454,101.231175,101.116245,101.17331,101.231175,101.287765,101.546325
19282,82.70172,82.53211,82.633805,82.70172,82.765755,83.390755
23869,107.40172,107.387455,107.40147,107.40172,107.451815,107.79438
23865,81.527235,81.51083,81.522205,81.527235,81.835925,82.099685
23867,75.429005,75.319625,75.404865,75.429005,75.569955,75.87871
25133,147.401975,147.34933,147.37294,147.401975,147.49137,148.082655
25139,126.600335,126.492865,126.58972,126.600335,126.691055,127.893615
22444,115.230265,115.146885,115.21004,115.230265,115.27351,115.66281
29790,111.55083,111.404465,111.4605,111.55083,111.62296,112.2025
22446,27.711495,27.124065,27.535895,27.711495,27.74819,28.423675
30874,76.90723,76.627245,76.866745,76.90723,77.15321,77.51187
2428,96.204308,95.929364,96.068372,96.204308,97.041428,97.797908
2424,89.462802,89.273874,89.32917,89.462802,90.38133,145.097501
2425,100.274708,99.377684,99.49826,100.274708,113.131799,129.487898
2427,25.711878,23.577605,25.075205,25.711878,28.758534,29.69319
32104,114.230335,113.338125,113.693355,114.230335,114.285125,114.38769
32107,91.196785,91.127825,91.181435,91.196785,91.472475,92.356875
32106,78.820485,78.76579,78.76692,78.820485,78.868205,79.135055
32100,111.70075,111.67155,111.673605,111.70075,111.86657,112.23598
19823,92.290565,92.26307,92.27771,92.290565,92.319165,92.81156
19822,90.451155,90.407765,90.43833,90.451155,90.499355,90.830815
16349,122.99569,122.831215,122.951975,122.99569,123.17138,123.66202
32108,116.918285,116.101045,116.66477,116.918285,117.86028,118.395695
6356,197.103038,196.958987,197.004006,197.103038,197.177237,197.633264
6357,90.823032,90.749603,90.771397,90.823032,90.82652,91.454483
6354,106.942365,106.871891,106.93906,106.942365,106.95127,107.465519
6355,0.870964,0.85304,0.859539,0.870964,1.108891,1.250076
6352,101.583408,101.409797,101.548749,101.583408,101.701612,101.780637
6353,132.134348,132.103988,132.131802,132.134348,132.275092,132.756422
6350,94.159145,93.976004,94.097782,94.159145,94.22727,94.513368
6351,112.849377,112.803518,112.805492,112.849377,112.853113,113.359646
6358,227.470459,227.406697,227.448227,227.470459,227.563501,228.646249
12108,57.777,57.68786,57.76653,57.777,58.20706,59.240485
3461,260.669236,260.6101,260.641588,260.669236,260.679988,261.321268
21705,219.561625,219.47027,219.49159,219.561625,219.79761,220.911035
21256,127.559035,127.5356,127.554925,127.559035,127.596015,127.999875
21700,12.11151,11.18384,11.858245,12.11151,12.65619,13.212205
21258,90.130955,89.55257,89.77579,90.130955,90.201655,90.68121
6076,223.154875,223.063197,223.096082,223.154875,223.161665,223.467556
33050,232.18645,232.122885,232.18168,232.18645,232.64849,234.97897
14881,83.029125,82.13609,82.901715,83.029125,83.96963,84.38842
14882,9.598005,9.55822,9.56666,9.598005,9.65734,10.100365
33053,254.08582,254.045475,254.08451,254.08582,254.71025,254.836785
33055,209.208275,208.81642,208.949745,209.208275,209.566105,209.8691
33056,54.45283,53.74332,53.758325,54.45283,54.626555,58.49101
33057,75.457655,74.935585,75.18867,75.457655,75.531925,75.746455
12085,106.55074,106.2476,106.403965,106.55074,109.448395,131.27223
6073,91.717162,91.608504,91.679201,91.717162,91.971405,92.041937
23071,82.69409,82.149285,82.393665,82.69409,82.738235,82.761855
13719,147.608185,147.357105,147.45392,147.608185,148.01791,148.03606
26958,122.40928,120.743805,121.967855,122.40928,123.41996,126.124835
26957,111.60604,111.530095,111.57305,111.60604,111.635795,112.21071
1151,23.064581,22.848773,22.867973,23.064581,23.404037,24.182021
26955,95.401665,95.326085,95.367635,95.401665,95.68871,95.90894
6070,77.340007,77.327376,77.335306,77.340007,77.388473,77.723832
14080,159.58805,158.99025,159.521295,159.58805,159.943815,162.861475
14084,94.719135,94.10528,94.577415,94.719135,94.720275,95.51639
14086,117.775625,117.67653,117.702425,117.775625,117.91384,118.34406
14087,97.857825,97.78657,97.802975,97.857825,97.890725,98.51387
3225,94.522387,92.074003,94.132243,94.522387,99.891476,100.20482
3222,122.641944,122.62428,122.641944,122.641944,122.645016,123.220249
4000,227.566894,227.542318,227.559214,227.566894,227.636782,228.578349
13275,90.28228,89.40516,89.95458,90.28228,90.443255,90.71599
13273,101.73865,101.65368,101.661415,101.73865,101.756515,102.457405
13271,111.54249,111.51267,111.534745,111.54249,111.628505,111.998135
13278,121.44082,120.916415,121.16495,121.44082,121.51407,121.9795
2847,132.814874,127.234586,132.537626,132.814874,133.002267,154.030111
2843,118.74204,118.360344,118.601496,118.74204,118.881816,119.02236
2841,216.513835,216.067627,216.176683,216.513835,216.831787,217.23422
28502,270.23229,270.128045,270.21194,270.23229,270.32926,270.72405
28503,254.96039,254.80138,254.932815,254.96039,255.26173,255.556195
3326,97.82018,97.426196,97.552148,97.82018,98.682643,112.670999
28505,116.34698,116.287285,116.29374,116.34698,116.359795,117.11802
14264,85.015035,84.62538,84.633295,85.015035,85.1802,85.35603
14266,81.09955,80.81055,80.88827,81.09955,81.17428,81.472595
14267,201.44957,197.376325,198.904975,201.44957,202.14645,203.726555
14261,109.16774,108.463115,109.020125,109.16774,109.4981,112.634745
32501,115.82887,115.79145,115.802535,115.82887,115.841875,116.45368
20072,115.120815,114.236035,114.914545,115.120815,115.474635,115.92101
20073,115.31608,115.288105,115.29685,115.31608,115.363095,115.63983
20070,36.67105,36.65003,36.652945,36.67105,36.69198,37.21177
11738,94.148045,93.13324,93.87492,94.148045,94.611955,96.56701
34888,112.10276,111.15259,111.529915,112.10276,112.68992,112.83542
34882,138.98136,136.802025,136.944365,138.98136,139.114065,155.49823
32505,110.27234,110.23209,110.26854,110.27234,110.41444,110.626265
30501,81.31165,81.282655,81.29971,81.31165,81.314765,81.4721
34881,9.014165,8.350515,8.55921,9.014165,9.563445,9.86162
34886,112.606965,112.134225,112.477975,112.606965,114.393015,114.562355
30504,113.201935,112.3052,112.78737,113.201935,113.56971,116.22104
18166,207.536915,207.52632,207.534605,207.536915,207.538625,208.254435
18165,117.965225,117.28597,117.55624,117.965225,118.25788,118.413555
18162,181.433115,181.380605,181.414695,181.433115,182.421315,182.73792
18160,86.485995,86.397995,86.467505,86.485995,86.588195,86.890665
14468,92.52144,92.348145,92.508885,92.52144,92.757055,92.96077
18169,263.998575,263.942995,263.97949,263.998575,264.00723,264.432435
20485,187.41619,187.24831,187.33366,187.41619,187.44352,188.105405
32508,130.100365,130.03556,130.03928,130.100365,130.160495,130.53177
220,225.305901,225.175341,225.297453,225.305901,225.329709,226.822702
34087,61.038095,60.849215,60.907565,61.038095,61.055,61.39666
34084,61.27026,59.21556,59.75342,61.27026,62.27308,63.24181
34085,152.804345,152.754575,152.80336,152.804345,152.92649,153.244435
34088,102.69117,102.18482,102.589985,102.69117,103.18669,103.369305
34089,82.594435,82.30391,82.57736,82.594435,82.9789,83.597655
28436,267.87373,267.70309,267.76142,267.87373,268.068925,268.23647
29902,246.733725,246.4304,246.64927,246.733725,246.83833,247.27549
29905,70.756275,70.57131,70.6976,70.756275,70.771245,71.023345
29907,115.640235,113.811165,115.51205,115.640235,118.966465,123.368445
29909,110.898735,110.82577,110.86875,110.898735,110.9242,111.27382
28342,108.49972,108.390745,108.424015,108.49972,108.831225,109.301155
539,108.30415,108.011542,108.076054,108.30415,108.659734,110.14351
538,124.300825,124.033561,124.292377,124.300825,124.346905,124.987418
23675,93.04489,92.998325,93.030095,93.04489,93.08632,93.553345
28432,102.840765,102.31359,102.750545,102.840765,102.92404,103.42115
15091,86.229045,86.198985,86.20476,86.229045,86.3097,87.211475
27705,228.518745,228.439475,228.5161,228.518745,228.70209,229.211125
28430,114.72432,114.51545,114.67369,114.72432,115.440425,118.237095
10795,113.18754,112.405605,112.846345,113.18754,113.369995,114.04416
11105,122.83066,122.013135,122.611165,122.83066,123.60784,124.20606
25967,109.1369,109.045875,109.082715,109.1369,109.21786,109.56081
25965,114.822685,113.35153,114.44133,114.822685,114.99865,115.91297
10797,78.97009,78.938835,78.959455,78.97009,79.04245,79.34169
34313,51.095625,50.874905,50.91162,51.095625,51.223485,51.834005
10022,85.84279,85.788265,85.80768,85.84279,85.92944,86.124355
15022,76.57401,76.55968,76.572985,76.57401,76.586025,77.26251
15024,96.59532,96.51893,96.56945,96.59532,97.004365,99.05359
25969,85.209175,84.92367,85.023275,85.209175,85.222995,85.43267
15026,92.571285,88.93067,90.833275,92.571285,96.75375,97.562535
35130,121.683155,121.413885,121.64228,121.683155,122.02457,122.1226
31106,110.083095,109.88672,109.91756,110.083095,110.1687,110.630625
29630,97.533915,96.741635,96.790515,97.533915,98.344115,98.44675
31100,100.544665,100.474815,100.540805,100.544665,100.555895,100.94971
31101,109.70095,109.46079,109.616465,109.70095,109.73572,110.74325
35137,92.76421,92.72171,92.739565,92.76421,92.772445,93.223075
31103,120.876355,120.8422,120.855575,120.876355,120.947235,121.462635
30613,95.97051,95.753235,95.83516,95.97051,96.00183,96.757405
29639,111.416405,111.046905,111.177665,111.416405,111.41924,111.735795
15594,94.958605,94.910685,94.952235,94.958605,94.968165,95.50083
3812,127.959578,127.805978,127.817498,127.959578,128.046362,128.678426
32481,166.05634,166.03629,166.0537,166.05634,166.06404,168.993985
32483,100.96962,100.851655,100.89086,100.96962,101.2017,102.222145
32484,101.80898,101.764065,101.80001,101.80898,101.826015,102.32015
3817,127.205402,127.181594,127.189274,127.205402,127.723802,139.868188
3815,129.668378,128.700698,128.789786,129.668378,129.733658,140.68534
32488,53.883585,52.48637,52.505195,53.883585,58.33754,61.04568
34626,105.980645,105.94694,105.955655,105.980645,106.0284,106.724685
34624,103.78704,103.70773,103.725485,103.78704,103.798715,104.072935
34622,97.55696,97.26735,97.380315,97.55696,97.88173,105.21465
34623,73.426725,73.190295,73.298445,73.426725,74.25465,74.28643
34621,30.67386,28.356085,29.25826,30.67386,33.634155,55.9436
34629,104.239485,103.93938,103.962535,104.239485,104.25341,108.940375
31362,17.323945,16.891095,16.98963,17.323945,17.70354,17.77228
50050,109.158,109.012458,109.074042,109.158,109.1725,109.615459
19348,107.71992,107.695165,107.702915,107.71992,108.23308,109.632875
32669,141.13029,140.54294,140.943965,141.13029,141.54316,141.998455
19619,95.50033,94.455205,94.87554,95.50033,97.261885,97.504595
32664,107.961655,107.8509,107.853505,107.961655,108.00909,108.381995
32665,123.209705,122.55043,122.952395,123.209705,126.78095,127.484815
32666,156.25881,155.69305,155.704635,156.25881,156.890555,157.437395
19615,94.422885,94.360795,94.40256,94.422885,94.7435,95.26391
32660,36.0806,36.03495,36.039365,36.0806,36.15007,36.42774
19341,88.90891,88.785925,88.90253,88.90891,89.085305,89.657765
16130,81.9479,81.7528,81.930375,81.9479,82.46033,82.719135
19343,107.39561,107.191515,107.3571,107.39561,107.48395,108.170875
6169,222.219512,222.046746,222.205757,222.219512,222.921082,223.106091
12739,30.58701,30.349185,30.54778,30.58701,31.050395,31.25263
31565,84.679415,84.631865,84.668595,84.679415,84.75114,85.572875
16612,132.0061,129.403165,130.999255,132.0061,134.322215,149.35305
6161,150.192847,150.161971,150.190788,150.192847,150.219181,150.443927
31562,137.00321,136.827,136.89392,137.00321,137.094115,137.6917
12732,91.250515,90.56818,91.054615,91.250515,91.532995,92.484155
6162,218.61703,218.568858,218.581154,218.61703,218.618465,229.169904
6165,80.651987,80.634472,80.650092,80.651987,80.653316,80.992665
6164,128.966508,128.896305,128.937597,128.966508,129.009521,129.345587
12736,95.6649,93.790465,94.615775,95.6649,96.209115,102.762865
31563,127.16412,124.78265,126.38397,127.16412,127.353875,149.51961
10997,87.907885,87.447765,87.55561,87.907885,88.51914,89.56499
10995,83.657295,83.577455,83.59198,83.657295,83.733325,84.148135
10993,138.504835,135.611785,136.98949,138.504835,139.941385,143.7339
24614,120.002545,119.894035,119.90174,120.002545,120.081325,120.516765
25634,104.318755,104.298105,104.31225,104.318755,104.34242,104.73869
25631,90.28286,90.20919,90.250075,90.28286,90.853045,92.919545
15461,84.37948,84.207235,84.32681,84.37948,85.48448,112.279165
24946,113.608285,113.518255,113.564755,113.608285,113.99721,114.659525
24947,78.4499,78.39357,78.43302,78.4499,78.452015,79.06047
24944,233.22269,232.86999,233.210505,233.22269,233.63453,234.0776
24945,105.100545,104.961655,105.067545,105.100545,105.107975,105.675215
6138,255.868691,255.812372,255.863092,255.868691,255.9676,256.289594
24940,37.888935,37.34287,37.833135,37.888935,38.243585,38.752415
6139,208.592685,208.287216,208.319577,208.592685,208.613447,208.803858
22720,9.47381,9.39233,9.44281,9.47381,10.08108,10.36071
22723,29.323805,28.02349,28.95585,29.323805,30.36869,32.040395
2213,94.252051,81.050129,93.404947,94.252051,95.237395,99.389972
2212,94.116883,94.057747,94.086931,94.116883,94.176019,94.677523
2217,103.490325,101.841428,101.872917,103.490325,107.448598,108.218902
31811,108.167995,107.95052,108.030785,108.167995,108.195805,109.129555
33177,241.02402,240.566745,240.949525,241.02402,241.067955,244.687305
31818,96.80089,96.251205,96.67932,96.80089,96.84699,97.00291
33940,106.72768,105.76087,106.030205,106.72768,107.689215,114.756095
12588,50.276525,49.308325,49.54851,50.276525,52.26357,52.667005
6133,78.432383,78.355682,78.414314,78.432383,78.445848,78.785676
33174,171.17156,170.832295,170.95517,171.17156,171.44277,171.60843
6131,97.446345,97.412002,97.423426,97.446345,97.692051,97.978827
6137,80.020331,79.966948,79.988904,80.020331,80.069734,91.233708
12583,96.34721,96.14354,96.310425,96.34721,96.35474,96.782025
6134,86.877117,86.829611,86.853102,86.877117,86.940688,87.546005
34533,108.90845,108.776535,108.850475,108.90845,108.952655,109.636475
17511,82.689045,82.10995,82.259075,82.689045,82.74856,82.79592
17510,101.116,101.08046,101.0839,101.116,101.251035,101.56495
17516,79.070145,79.051075,79.058155,79.070145,79.072055,79.557815
17515,94.657875,94.508175,94.57886,94.657875,94.736055,94.790805
14966,127.775125,127.419895,127.57964,127.775125,127.901145,128.254195
13469,78.727595,78.676585,78.71107,78.727595,78.734135,85.398365
4519,284.512569,283.877433,284.221497,284.512569,284.711481,286.33273
12855,119.138655,118.50645,118.746765,119.138655,121.598715,126.173795
4511,79.822096,79.507216,79.626256,79.822096,80.033296,80.087056
32786,81.15326,81.082685,81.091625,81.15326,81.238525,81.76196
11649,103.518045,103.30315,103.51657,103.518045,103.565885,103.7202
12857,81.912965,81.87627,81.90642,81.912965,81.92186,82.26885
11643,100.41369,99.04036,99.30769,100.41369,101.022455,101.8599
11642,105.419685,103.927085,105.32894,105.419685,106.75398,108.94563
17775,150.77989,150.68092,150.73046,150.77989,150.789375,151.738545
14968,320.497395,320.44524,320.474105,320.497395,320.619255,320.93545
17773,81.86985,81.84647,81.85441,81.86985,81.95635,82.487515
33601,87.40634,87.378595,87.391775,87.40634,87.44913,88.14957
20669,98.5114,98.447435,98.49429,98.5114,98.53034,99.20963
20668,117.690425,117.623715,117.65074,117.690425,117.74865,118.2378
20662,105.08746,104.79839,105.00372,105.08746,105.15439,105.65002
20660,279.55564,279.029725,279.20236,279.55564,279.693285,280.454575
27947,161.07345,160.94786,160.954075,161.07345,161.36402,161.64855
21390,85.780155,85.748285,85.769655,85.780155,86.19078,86.65964
21391,100.87256,100.78733,100.84567,100.87256,100.984075,101.38567
21393,124.534695,123.722665,124.13579,124.534695,125.21987,128.24689
20551,128.7464,128.564995,128.568665,128.7464,128.95216,129.112675
10946,102.50146,102.47012,102.494065,102.50146,102.514165,102.82564
21398,79.26632,78.867205,78.96251,79.26632,79.403135,79.881615
34903,205.943345,205.78898,205.824165,205.943345,206.131775,206.14633
18673,95.93921,95.890465,95.92126,95.93921,95.971645,96.43274
20447,26.641365,25.872385,26.48879,26.641365,26.929365,27.642035
20446,99.245505,99.08157,99.181885,99.245505,99.57591,100.10794
20444,84.76362,84.36011,84.5789,84.76362,85.119055,92.1654
20443,79.15006,79.128255,79.135725,79.15006,79.185455,79.791315
20001,129.655395,129.509535,129.606995,129.655395,129.659225,130.267115
20913,10.34579,9.47312,9.70134,10.34579,10.5075,10.55524
20919,148.74711,148.715275,148.746295,148.74711,148.7529,149.28308
29081,181.23262,180.332785,181.1438,181.23262,181.493735,181.641495
4726,139.106332,139.077916,139.104796,139.106332,139.11862,139.713052
11911,126.052745,114.443165,125.18602,126.052745,128.54815,157.14695
33422,107.4414,107.41322,107.439675,107.4414,107.477495,107.930845
890,101.823764,101.581076,101.797652,101.823764,101.885204,102.160917
11914,90.926955,90.87241,90.90209,90.926955,91.065945,91.52353
11917,104.65063,104.116985,104.58933,104.65063,104.83542,105.84417
18425,26.293505,25.719555,26.246835,26.293505,28.009885,28.095035
33428,82.6286,82.4795,82.50997,82.6286,83.010955,83.05283
18429,83.952,83.25006,83.401315,83.952,86.338485,91.783705
12932,103.014225,102.99794,103.00179,103.014225,103.025905,103.549455
30191,96.90441,96.5142,96.90238,96.90441,97.060645,97.079375
12930,103.6886,102.93007,103.431705,103.6886,103.84588,104.107855
15614,120.28321,119.055825,119.530015,120.28321,123.20351,124.30437
30197,139.687875,137.93,138.76625,139.687875,140.413065,145.621355
12938,61.830455,61.81997,61.8216,61.830455,61.86011,62.390765
15619,25.88575,23.60037,23.83589,25.88575,27.07772,30.56966
10204,20.299385,19.20709,19.540475,20.299385,22.852055,35.925495
21538,329.060755,327.907335,328.14716,329.060755,329.07622,329.32131
18390,104.44945,104.326335,104.386605,104.44945,104.578785,105.120875
18392,106.82897,106.28013,106.29048,106.82897,106.920265,106.99663
18393,109.290635,109.14148,109.20668,109.290635,109.357395,111.326185
18394,87.062965,87.03491,87.055095,87.062965,87.070325,87.650465
34439,115.747835,115.590515,115.59849,115.747835,115.782205,116.05549
34438,110.29383,110.20779,110.26761,110.29383,110.31401,110.76493
15928,120.727565,120.691785,120.71134,120.727565,120.76244,123.202
30774,90.85374,90.802205,90.852865,90.85374,91.226965,93.75519
30991,87.761595,87.49146,87.676245,87.761595,88.054335,88.365445
34431,108.51583,106.21491,106.433905,108.51583,110.26877,133.90392
30777,106.553995,106.27049,106.431085,106.553995,106.64729,107.749705
34437,108.4526,108.3987,108.431125,108.4526,108.532255,108.91894
15921,101.19832,100.37659,100.62696,101.19832,103.20754,104.936225
30772,109.19318,109.05952,109.11097,109.19318,109.22902,109.63404
30997,90.343355,90.197885,90.31756,90.343355,90.354055,90.52726
26722,91.8037,91.68729,91.798585,91.8037,91.898295,92.28346
26724,97.30729,96.072485,96.689295,97.30729,97.49228,98.117395
26725,112.39237,106.301795,107.286535,112.39237,113.3996,119.251645
26726,84.33881,84.00588,84.086375,84.33881,84.37404,85.98197
4722,150.77763,150.338334,150.486558,150.77763,150.880542,151.002655
14695,103.458475,102.804365,103.14151,103.458475,103.502225,104.31401
14694,97.40835,96.9716,97.131585,97.40835,97.47848,99.161445
14691,265.261895,264.85016,265.242255,265.261895,266.34698,267.268605
24378,20.238715,18.88665,19.891715,20.238715,20.33611,21.95928
2983,96.691219,96.675092,96.678164,96.691219,96.840212,97.231124
2982,117.669144,117.29436,117.410328,117.669144,117.679896,118.209816
2981,117.084695,116.715288,116.804376,117.084695,117.395736,118.335
2980,80.78056,80.667664,80.676112,80.78056,81.029393,81.712912
24371,99.97502,99.925955,99.953795,99.97502,100.046715,100.539775
14698,243.073955,241.284505,242.03071,243.073955,244.024185,245.57381
24372,93.001785,92.918535,92.95426,93.001785,93.05207,93.54799
1018,240.383281,239.497777,239.521584,240.383281,243.737905,275.134518
4358,177.03402,176.890404,176.957988,177.03402,177.442596,177.547044
4357,101.920532,101.713172,101.718548,101.920532,102.023445,102.837524
4351,97.381652,97.242644,97.293332,97.381652,98.688019,115.839
4352,128.087066,127.584794,128.042523,128.087066,128.12777,128.790554
11003,121.27537,120.8701,121.26019,121.27537,121.70884,121.73125
28716,89.10787,89.047675,89.107265,89.10787,89.498065,89.50641
28715,126.684615,126.591885,126.674315,126.684615,126.69562,127.24704
28714,147.535225,147.48666,147.508,147.535225,147.64446,148.21258
32762,73.017685,72.981005,72.9957,73.017685,73.17244,74.14625
14525,105.140435,105.01326,105.06366,105.140435,105.196545,106.026655
28710,79.758305,78.923035,79.646325,79.758305,83.024955,86.301355
28248,156.01341,155.89547,155.95404,156.01341,156.181795,157.81933
11009,30.82734,30.346465,30.78635,30.82734,31.34267,32.662685
14528,98.358225,98.34874,98.35602,98.358225,98.44619,98.82778
28719,233.171005,233.095975,233.12328,233.171005,233.352155,233.588525
439,80.206864,80.145424,80.178448,80.206864,80.232208,80.484112
436,111.109654,110.90383,111.082007,111.109654,111.536663,111.574294
434,118.01244,117.904152,117.924888,118.01244,118.920216,122.619673
435,97.249556,97.240339,97.241875,97.249556,97.323283,98.095124
433,108.340246,108.207382,108.22735,108.340246,108.397077,108.885525
431,106.126869,105.832725,105.835797,106.126869,106.162198,106.397206
12429,130.204355,130.17075,130.19682,130.204355,130.27125,131.451195
11344,153.77106,153.76631,153.76817,153.77106,153.809005,154.24789
11346,114.665315,114.64533,114.656945,114.665315,114.74418,115.221845
11341,126.81073,126.76345,126.78664,126.81073,126.83961,127.29089
11343,160.93059,160.84877,160.918165,160.93059,160.95623,161.18366
19110,23.301645,23.18431,23.26585,23.301645,23.308665,23.95724
19112,111.33057,106.99653,111.18757,111.33057,116.03212,116.6021
32877,112.10504,104.261345,106.83617,112.10504,112.777885,122.024605
32879,99.865685,99.43641,99.670685,99.865685,99.935465,100.2528
19118,53.05808,53.01656,53.01868,53.05808,53.11184,54.21298
747,125.655577,125.364505,125.389849,125.655577,125.945882,127.911962
35475,92.9416575,92.63111,92.643,92.79084,92.916995,92.933575,92.94974,93.057765,93.2241,93.98278,94.14069
30964,135.66622,134.95153,135.415745,135.66622,135.733955,135.967445
28864,0.982885,0.95409,0.957615,0.982885,1.0405,1.541985
28860,102.803925,102.350155,102.474195,102.803925,103.396425,103.79814
13988,115.01522,114.925235,114.991355,115.01522,115.017935,115.65807
28869,101.87897,101.2119,101.818635,101.87897,101.87912,102.94435
15330,91.765755,90.86519,91.620195,91.765755,97.934105,98.251715
2240,125.981978,125.806106,125.959706,125.981978,126.02345,126.339097
23801,101.6345,101.59752,101.619955,101.6345,101.935705,102.024745
2241,97.880852,97.845524,97.855508,97.880852,97.963796,108.420118
27130,151.769255,151.261145,151.429445,151.769255,151.846285,153.18675
21347,104.362095,104.044145,104.29959,104.362095,104.61651,104.80958
25150,115.923765,115.85072,115.870525,115.923765,115.962365,116.49491
25156,80.507325,80.455385,80.47338,80.507325,80.52167,81.316795
25155,211.84703,211.627865,211.79201,211.84703,211.9861,212.536355
25408,114.946625,114.884935,114.902475,114.946625,115.453415,115.45801
24193,107.820585,106.81892,107.427955,107.820585,107.91922,110.05899
16587,78.479555,78.40701,78.439505,78.479555,78.594435,79.401555
32294,183.10182,182.94884,183.01982,183.10182,183.121825,183.490875
16584,96.638885,96.232245,96.488205,96.638885,96.664885,99.30153
16583,102.83678,102.618345,102.749935,102.83678,103.11223,104.28302
32290,92.822615,92.38069,92.8197,92.822615,92.928405,94.501215
32293,146.45973,146.35277,146.3614,146.45973,146.75977,150.592025
32292,84.645795,84.604245,84.63989,84.645795,84.796,85.204175
32299,83.436095,83.20122,83.35881,83.436095,83.52714,84.357675
32298,24.42796,24.3168,24.41717,24.42796,24.477685,26.042705
12695,13.577625,10.71548,11.753605,13.577625,15.04001,18.15204
12693,15.71251,13.164465,15.448005,15.71251,15.84038,15.843705
12692,36.261995,36.13552,36.19354,36.261995,36.311275,36.47819
21895,135.38524,135.03622,135.050175,135.38524,135.3985,135.885485
21893,131.34911,131.209825,131.219685,131.34911,131.358725,131.61533
28654,96.72042,94.8473,96.560215,96.72042,96.86719,96.92895
12698,16.3117,16.256815,16.295875,16.3117,16.37175,16.773515
10836,97.315105,97.293835,97.30088,97.315105,97.34648,97.73391
10838,103.27236,101.879805,102.47245,103.27236,103.28366,103.628325
19803,116.616815,116.57798,116.58044,116.616815,116.63761,117.06069
19802,92.047735,92.01017,92.02744,92.047735,92.09904,92.570225
32121,106.662905,105.985635,106.63548,106.662905,107.273005,109.7024
32120,109.581085,108.302915,109.218285,109.581085,111.209815,113.18765
19807,93.75576,93.743215,93.743625,93.75576,93.76611,94.31046
32126,109.319225,108.2108,108.870995,109.319225,109.32449,114.95295
32125,103.443255,103.412745,103.43255,103.443255,103.85803,103.90679
32124,96.51773,96.24444,96.44029,96.51773,96.6508,97.40193
19809,93.108455,93.06751,93.08769,93.108455,93.153805,93.517705
19808,124.70558,124.36895,124.53597,124.70558,124.90688,126.12804
21099,240.9747475,237.69997,239.25035,242.699145,244.7795
26261,110.778725,106.775645,107.105205,110.778725,110.99022,112.462175
28659,22.128375,22.00095,22.026075,22.128375,22.524215,30.49082
17186,297.46793,297.293005,297.32971,297.46793,297.572625,297.892115
21273,119.729895,119.3668,119.71427,119.729895,119.88048,120.14278
21272,102.73158,102.590845,102.68967,102.73158,102.831965,102.992535
21277,110.163425,108.925905,109.49798,110.163425,111.37703,116.32197
21275,115.11412,114.99211,115.04065,115.11412,115.36619,115.439205
21274,112.00637,110.241595,111.413195,112.00637,113.22898,115.1323
21279,154.59691,154.364145,154.50799,154.59691,154.598145,155.361365
3798,166.169889,165.729057,165.809697,166.169889,166.839586,167.386402
3791,136.796188,136.749339,136.764699,136.796188,136.812315,137.260828
3790,36.096776,34.477063,35.329543,36.096776,37.155848,235.208496
2406,94.921747,94.702099,94.704403,94.921747,95.374099,95.799571
2155,98.122772,98.069012,98.1197,98.122772,98.161172,98.83778
2156,101.447444,101.312276,101.397524,101.447444,102.529557,105.503253
4982,93.995539,93.818899,93.969427,93.995539,94.218259,94.535443
4985,222.766124,222.728492,222.738476,222.766124,222.772268,223.583277
2403,86.439186,86.115857,86.282513,86.439186,86.459153,90.985746
2400,98.151188,97.9469,98.060564,98.151188,98.221076,99.482132
2401,86.329361,86.271761,86.307857,86.329361,86.421521,86.954514
4989,87.16341,85.157393,85.314833,87.16341,88.705554,101.421332
2159,123.379225,122.698008,123.123481,123.379225,123.442201,137.007387
2408,115.344408,115.19004,115.250712,115.344408,115.452696,115.999511
28427,85.266385,84.2973,84.62217,85.266385,85.27663,86.47929
14069,45.838595,45.80741,45.813095,45.838595,45.859845,46.332765
14066,64.794995,64.752845,64.77848,64.794995,64.86025,65.35808
14067,219.15745,219.05071,219.067195,219.15745,219.16977,219.451465
14064,28.35811,27.44298,28.356225,28.35811,30.131275,30.887575
14061,109.173375,109.118965,109.147505,109.173375,109.198035,109.94572
3249,151.061022,150.671646,150.987294,151.061022,151.856671,152.323615
3248,83.339537,83.186705,83.227409,83.339537,83.354897,83.870993
3241,170.717218,170.59741,170.645026,170.717218,170.736418,170.770978
3247,109.883158,109.695766,109.700374,109.883158,109.911574,110.386198
3245,106.235925,106.215958,106.23055,106.235925,106.243605,106.668309
13258,202.483185,200.298405,202.296475,202.483185,203.6476,204.226085
13251,125.98236,125.953925,125.95995,125.98236,125.99971,126.32674
13253,77.59347,76.46442,76.56897,77.59347,77.651955,84.56631
18984,152.08451,152.03987,152.07714,152.08451,152.10555,152.370745
18988,120.5201,120.488655,120.505865,120.5201,120.52437,120.8577
28529,75.65136,75.21602,75.425835,75.65136,76.010875,76.01353
1481,87.587346,87.545874,87.580434,87.587346,87.59349,87.945234
24172,114.71766,114.65144,114.71756,114.71766,114.72309,115.317125
1485,121.99068,119.427864,119.455512,121.99068,122.493721,123.273241
1484,103.867413,103.756821,103.804437,103.867413,104.020245,104.652309
14202,212.510145,212.402185,212.416815,212.510145,212.549945,214.9142
3307,108.160534,107.78575,108.151318,108.160534,108.249622,109.154326
1489,102.735381,102.350613,102.680853,102.735381,102.81986,103.052565
14201,112.92355,111.55708,112.48708,112.92355,114.276255,116.626085
14206,107.324345,107.12588,107.186115,107.324345,107.41003,107.94126
3303,126.084122,126.032666,126.063386,126.084122,126.084122,126.504218
3301,91.166226,90.916626,90.982674,91.166226,91.630099,113.612567
30561,17.506055,17.341595,17.467345,17.506055,17.766735,17.78327
6312,221.093026,220.983086,221.072816,221.093026,221.122599,221.433028
30563,84.314205,84.135875,84.18918,84.314205,84.37547,84.77225
30562,18.60141,18.527335,18.571765,18.60141,18.872385,19.47414
20059,126.010865,125.963825,125.96794,126.010865,126.012845,126.54016
30567,149.9228,147.19941,149.88701,149.9228,153.09618,153.664475
12142,91.74799,91.71273,91.729545,91.74799,91.825655,92.332015
20054,38.732455,38.35432,38.624265,38.732455,38.869735,38.996275
20057,63.661085,63.638065,63.644665,63.661085,63.693205,64.16732
20052,89.01158,88.906635,88.910585,89.01158,89.017435,89.47345
24171,116.7689,114.278945,116.47091,116.7689,117.76616,118.277025
13499,39.2098,38.24544,38.849505,39.2098,41.64513,43.72705
6317,93.065576,92.993061,93.018318,93.065576,93.077232,93.445868
18189,224.319875,223.89332,224.083,224.319875,224.60609,224.972845
18185,200.67529,200.59189,200.636785,200.67529,201.157615,203.70158
10619,85.87438,85.84329,85.85598,85.87438,85.88684,86.3475
1276,82.361104,82.315792,82.349585,82.361104,82.592273,83.185169
2793,65.590286,65.425166,65.43515,65.590286,66.023437,66.235406
2062,309.255998,308.94803,309.169214,309.255998,309.345854,309.42035
6319,182.451186,182.419622,182.443586,182.451186,182.514502,183.075397
2796,93.533971,93.417235,93.481747,93.533971,93.640723,93.960211
18024,121.630125,121.45477,121.511565,121.630125,121.654095,122.309765
2797,81.922577,81.715216,81.893393,81.922577,81.982481,82.327313
29383,6.81379,6.18133,6.58889,6.81379,7.436825,8.196985
13672,159.954625,159.929845,159.936405,159.954625,160.001885,160.5555
29387,109.94386,109.570275,109.81182,109.94386,110.756875,110.799425
29929,107.227415,106.80319,106.983115,107.227415,108.11087,108.40918
29384,120.669475,120.091765,120.22589,120.669475,121.195225,121.309845
29926,88.06493,87.95014,88.06019,88.06493,88.094085,88.547285
29389,116.959475,115.95106,116.75135,116.959475,119.810265,123.67666
29388,110.51945,109.824125,110.26448,110.51945,111.11892,111.211675
31960,137.121335,136.93782,137.04015,137.121335,137.33513,137.886235
623,105.124629,104.947989,105.004821,105.124629,105.719062,106.469398
1225,88.149522,87.34773,87.563538,88.149522,90.440466,96.342548
620,98.969108,98.803988,98.803988,98.969108,99.971348,102.507284
1223,116.837399,116.643863,116.821271,116.837399,116.875031,117.590808
626,126.301466,126.16169,126.229274,126.301466,126.348314,126.790682
624,106.867222,106.834966,106.84111,106.867222,106.874902,107.53231
28384,43.609375,37.67832,37.71907,43.609375,47.30914,65.08071
31966,95.52047,95.165745,95.182925,95.52047,95.96644,96.02403
28386,129.700165,128.73757,129.19829,129.700165,129.981855,130.252245
628,137.040412,136.96822,136.9951,137.040412,137.744668,344.767557
28381,249.501055,249.42643,249.48791,249.501055,249.505445,250.057365
1228,82.63912,82.603792,82.629904,82.63912,82.668304,82.9924
30384,214.49331,214.25672,214.39073,214.49331,285.586545,298.73949
30381,93.91177,93.65964,93.83237,93.91177,94.04378,94.36706
14118,100.19775,99.93037,99.98063,100.19775,100.200665,100.256235
27728,15.91324,15.27553,15.65312,15.91324,16.095865,16.666035
27724,197.424935,197.319855,197.3497,197.424935,197.550175,197.696455
15558,96.82546,96.65897,96.665305,96.82546,96.854375,97.389125
15009,90.51398,89.883385,90.249045,90.51398,90.951445,91.133265
27720,94.840175,94.779865,94.827615,94.840175,95.299595,95.413695
19762,107.01893,106.784795,106.97468,107.01893,107.13749,107.35787
25981,105.50318,105.086105,105.098205,105.50318,105.6513,105.90631
25980,89.17803,89.147575,89.162465,89.17803,89.2003,89.792685
25982,42.18581,41.80969,41.8501,42.18581,42.804305,43.383245
29659,117.26161,116.811435,116.996905,117.26161,117.42325,117.812495
31163,112.94853,112.67172,112.8473,112.94853,112.963365,113.69806
31166,125.001735,124.498385,124.827085,125.001735,125.111495,125.73107
11049,192.24367,191.78011,191.95848,192.24367,195.11361,195.37017
31164,173.724275,173.282385,173.34116,173.724275,173.96531,174.22297
31165,31.890375,30.771835,31.732155,31.890375,32.37448,34.37491
35117,111.40449,110.60834,111.27724,111.40449,111.6626,111.86265
19766,151.467415,151.418985,151.462105,151.467415,151.475445,152.232785
29653,112.06959,110.291275,111.88961,112.06959,117.62759,126.07781
31169,75.950955,75.224755,75.891045,75.950955,77.52096,83.06286
29655,99.82534,99.604765,99.77032,99.82534,99.854195,100.740815
35112,102.635285,101.904875,102.19461,102.635285,102.661825,104.00015
35111,90.83876,90.323305,90.443925,90.83876,91.437575,94.26473
29656,94.355965,94.09008,94.10793,94.355965,94.717955,95.059585
3879,128.915738,128.802074,128.881178,128.915738,128.92649,139.981852
32469,92.905715,92.84295,92.883285,92.905715,93.10896,93.48993
32467,97.95256,97.570475,97.720525,97.95256,97.98403,98.98005
3872,127.074074,126.86825,127.051802,127.074074,127.61705,129.619993
32462,88.7333,88.619645,88.66672,88.7333,89.49387,89.5445
32463,116.503635,116.424315,116.487205,116.503635,116.542965,116.97124
34608,197.59773,197.54829,197.58207,197.59773,197.63218,198.23125
34604,115.982725,115.54015,115.65046,115.982725,116.248135,116.326525
34605,26.528165,23.65465,26.51837,26.528165,27.37599,29.72397
34602,119.0977,119.04581,119.082715,119.0977,119.286375,119.977855
3159,82.894865,82.832657,82.850321,82.894865,82.950161,83.842577
713,109.396246,109.34095,109.380118,109.396246,109.738774,110.019862
50039,124.639542,124.201625,124.490459,124.639542,125.059625,125.16525
24584,97.60446,96.92601,97.39535,97.60446,97.907665,98.17451
24580,96.062695,95.83374,96.05438,96.062695,96.079615,96.25771
31389,3.78079,3.277515,3.346035,3.78079,4.02278,4.151905
31386,63.23139,62.323635,63.13538,63.23139,63.294695,63.76547
50033,95.527667,95.380958,95.450417,95.527667,95.682875,96.3745
31382,87.21225,86.7486,86.79858,87.21225,87.224155,88.07388
32608,78.944195,78.933805,78.939505,78.944195,78.988105,79.37309
32609,128.04216,127.967795,128.022295,128.04216,128.091865,128.77462
33354,101.77981,100.87374,101.692525,101.77981,101.79074,102.23952
32603,111.58282,111.490915,111.543925,111.58282,111.62751,111.887285
32600,96.219855,96.12396,96.143725,96.219855,96.607265,97.251895
19326,60.402255,60.321985,60.34715,60.402255,60.68749,60.880355
19327,84.26922,84.16384,84.25635,84.26922,84.354375,84.58791
32604,64.555895,64.476435,64.512255,64.555895,64.576995,65.67609
32605,117.89547,117.134215,117.528695,117.89547,121.44641,124.90222
22528,102.17633,101.921365,101.94985,102.17633,102.53875,104.142695
22294,93.86485,93.815415,93.849815,93.86485,94.306155,94.80344
22295,88.831875,88.57844,88.58652,88.831875,88.84602,88.90236
22296,107.39604,106.18317,106.658455,107.39604,107.860985,118.007165
22522,159.72031,159.215985,159.503845,159.72031,160.013305,162.5885
22291,105.84923,105.79914,105.81434,105.84923,105.927565,106.45765
22292,82.791985,82.72882,82.73996,82.791985,82.813895,83.27477
22293,103.592475,103.532355,103.557495,103.592475,103.70059,104.1048
13896,99.289495,99.242175,99.28163,99.289495,99.30036,99.77204
4166,116.403479,116.347415,116.377367,116.403479,116.489495,117.077016
4165,117.617688,116.942616,117.07932,117.617688,117.687576,118.0278
4164,100.847636,100.792341,100.828436,100.847636,100.9037,101.448212
13892,92.611615,91.656375,91.877265,92.611615,93.248885,99.15733
13893,84.13515,84.01452,84.079745,84.13515,84.83551,84.897245
4161,113.150231,112.58959,112.65871,113.150231,116.961048,178.675236
4160,113.690903,111.79471,112.827671,113.690903,116.650776,117.88956
26451,89.92026,89.8525,89.91713,89.92026,89.95674,90.260475
24639,47.5103,45.704485,47.16878,47.5103,48.280175,57.336855
24634,110.29007,108.34053,108.653625,110.29007,110.324435,110.45394
24633,52.94994,52.258665,52.77273,52.94994,53.46272,53.50208
33014,84.60271,84.520095,84.536065,84.60271,84.73787,85.257905
30738,105.00969,104.893455,104.958165,105.00969,105.263525,105.41323
26183,215.45965,215.411775,215.418305,215.45965,215.46083,215.91783
22741,250.022595,249.45863,249.923825,250.022595,250.205835,250.4378
22745,186.055975,185.7474,185.80296,186.055975,186.847575,186.88086
2239,117.648408,117.42492,117.47484,117.648408,117.845784,118.609944
2183,107.761942,107.70895,107.742742,107.761942,107.986198,108.302614
2182,123.661849,123.650329,123.654937,123.661849,123.679513,124.268569
18882,244.42672,244.399625,244.40965,244.42672,244.428405,244.817695
31837,107.616965,106.662015,106.878445,107.616965,108.008415,108.26486
31831,107.08638,106.971865,107.019555,107.08638,107.883665,117.83492
2237,115.249943,114.447383,114.779927,115.249943,115.685399,116.617752
31833,79.19077,79.18801,79.190355,79.19077,79.19332,80.124775
19634,124.857625,124.607375,124.760075,124.857625,124.942845,125.202145
19635,116.076165,116.045855,116.053345,116.076165,116.08106,116.44927
16116,98.592435,97.41569,98.234555,98.592435,98.766385,101.073245
12027,93.074435,92.95465,93.07353,93.074435,93.110565,93.55728
19632,104.435,104.240915,104.340225,104.435,104.719455,105.060465
19633,118.969,118.429995,118.66807,118.969,119.15237,120.40082
20702,90.698415,90.689065,90.69735,90.698415,90.707235,91.188345
3498,95.782675,95.744275,95.765779,95.782675,95.825683,96.231188
3499,94.550035,94.254355,94.546195,94.550035,94.673683,94.897171
3496,170.959138,170.01757,170.502946,171.41533,171.420706
3494,105.847317,105.151509,105.189141,105.847317,106.338838,110.401558
3495,125.349146,125.239322,125.303066,125.349146,126.468889,127.223834
3493,127.388186,127.173146,127.180058,127.388186,127.39817,129.077785
3491,149.162527,149.110303,149.156383,149.162527,149.293087,149.646366
4570,111.125015,108.976917,110.240278,111.125015,111.419927,112.510486
2094,102.563349,102.328341,102.330645,102.563349,103.052565,105.100821
2097,105.684501,105.418773,105.518613,105.684501,105.795093,106.59151
4573,128.775962,128.74601,128.74985,128.775962,128.859674,129.348122
2091,114.851351,114.800663,114.828311,114.851351,114.851351,115.350552
4575,104.785941,104.040981,104.583957,104.785941,105.532437,106.544662
13407,90.420365,89.851895,90.07062,90.420365,90.46624,90.552965
2092,94.802707,92.280595,93.854227,94.802707,95.18978,101.965845
2098,94.180627,94.071571,94.142227,94.180627,94.181395,95.601427
34652,30.524275,29.972915,30.371085,30.524275,30.625385,30.76272
11667,90.097255,89.97318,89.996625,90.097255,90.144765,90.9796
11665,101.265715,101.200085,101.22001,101.265715,101.278665,101.62811
224,124.746266,124.699418,124.72937,124.746266,124.758554,125.237017
11663,95.151535,94.864645,95.14669,95.151535,95.77953,96.098215
11662,89.492,89.329455,89.451555,89.492,89.538125,90.25954
11660,94.911055,94.8698,94.883175,94.911055,95.062685,95.29392
223,26.423046,26.289414,26.350854,26.423046,26.826245,27.191814
34122,120.00162,119.87693,119.88228,120.00162,120.07135,120.37797
14244,84.368865,83.695115,83.814725,84.368865,84.77047,85.79604
32067,97.655725,97.397455,97.58076,97.655725,97.9105,98.54193
24965,103.066195,102.7854,102.9113,103.066195,103.080175,103.977725
24967,111.533975,110.401085,110.68942,111.533975,112.797925,113.56349
19905,84.30619,83.108705,83.84646,84.30619,84.4792,87.89701
27921,93.902455,93.791075,93.897085,93.902455,94.054285,96.307515
20600,158.824835,158.61728,158.80582,158.824835,159.885905,193.84565
20602,88.89021,88.620425,88.82603,88.89021,89.13054,89.79356
20605,98.20873,97.89598,98.023765,98.20873,98.287875,98.308185
17798,136.36066,136.037905,136.31701,136.36066,136.380195,136.939755
20607,118.506225,118.493025,118.494585,118.506225,118.512555,119.073905
20606,34.623025,29.42613,32.703535,34.623025,38.30546,41.832965
17797,68.045015,67.92291,67.96893,68.045015,68.1168,68.36461
17796,43.276995,42.956775,42.98161,43.276995,43.83121,44.0382
25210,205.42404,205.398705,205.417015,205.42404,205.444755,206.03461
20933,141.322125,141.100335,141.13149,141.322125,142.026995,142.058865
20939,85.11254,85.02268,85.06141,85.11254,85.22056,85.723105
12316,15.869405,15.82714,15.85121,15.869405,17.526555,19.79549
3,83.848721,83.635217,83.788049,83.848721,83.930897,84.205841
12315,18.221465,17.55055,17.99984,18.221465,19.638625,20.31115
33159,253.217085,253.20625,253.20746,253.217085,253.782615,254.183885
33409,82.701915,82.66189,82.700295,82.701915,82.752705,83.25013
11938,136.097495,132.82974,133.305465,136.097495,136.33184,139.64172
33407,115.202055,114.62738,114.92411,115.202055,115.306145,115.538765
11936,111.01029,110.41863,110.6547,111.01029,111.03088,112.38705
33151,22.67256,22.630255,22.65673,22.67256,22.70859,23.09856
12318,22.27715,22.21224,22.238685,22.27715,22.327515,22.8179
12319,84.256725,83.94846,84.17663,84.256725,84.30024,85.000225
12918,133.51006,133.480215,133.488365,133.51006,133.523055,134.07009
30177,138.27304,138.245715,138.26553,138.27304,138.28113,138.912265
15632,105.174695,104.813535,105.1284,105.174695,105.203375,105.594035
15633,89.79197,89.73686,89.77335,89.79197,89.965075,90.76477
15634,74.838695,74.808825,74.834745,74.838695,74.83906,75.29085
15635,99.91402,99.728575,99.91323,99.91402,100.41915,101.09589
15636,126.23564,123.91445,125.385285,126.23564,127.924045,128.108465
50003,92.995125,92.389125,92.781958,92.995125,93.162375,93.966875
10228,139.96759,139.878895,139.93786,139.96759,140.13785,140.55501
10221,116.508625,116.459375,116.46961,116.508625,116.552345,117.038805
21516,135.81244,135.06195,135.74369,135.81244,135.90811,135.935145
24037,90.36382,90.354325,90.35515,90.36382,90.541405,91.8945
21514,136.84579,134.613855,135.55405,136.84579,139.11288,143.069385
24035,125.065665,124.72131,124.863885,125.065665,125.207365,125.480145
21513,87.94341,87.82392,87.925755,87.94341,87.949085,88.411105
24030,81.5386,81.53019,81.53824,81.5386,81.635565,82.38993
24031,83.348035,83.292855,83.338125,83.348035,83.435505,83.90492
20342,117.55405,115.736445,115.84642,117.55405,117.997885,118.8998
34910,111.20778,111.01067,111.2035,111.20778,111.43872,113.285695
30718,129.92203,127.30839,129.08792,129.92203,131.22104,132.700955
34912,88.2701,87.83031,87.92845,88.2701,88.423265,88.690795
30712,130.681045,130.451495,130.584665,130.681045,131.36033,131.41474
15940,93.94877,93.605615,93.67445,93.94877,94.0487,95.054795
15941,96.949435,96.710695,96.9185,96.949435,97.42225,97.5152
30717,93.060505,93.03899,93.05093,93.060505,93.11998,94.04454
30714,97.251425,97.17626,97.204,97.251425,97.48269,97.833345
30715,105.9312,105.83894,105.882035,105.9312,105.938875,106.648615
24355,113.30424,112.80916,113.06784,113.30424,113.3737,113.382435
20717,98.527835,98.400415,98.48364,98.527835,98.566775,99.12463
158,91.236882,91.082514,91.19541,91.236882,91.650067,100.044308
1033,187.908902,187.716134,187.846694,187.908902,188.782887,743.701397
1037,210.250026,210.183978,210.220074,210.250026,210.333738,210.857514
1035,251.596082,251.451698,251.575346,251.596082,251.739698,252.768051
4378,76.663312,76.637968,76.662544,76.663312,76.705552,77.637136
4372,153.026335,152.542494,152.577822,153.026335,153.145375,172.020515
11069,110.062635,109.81173,109.82512,110.062635,110.155125,111.53541
14548,77.829995,77.791585,77.80721,77.829995,78.09933,78.637645
28267,128.42953,127.897075,127.94904,128.42953,128.634165,128.680655
11060,117.977535,117.957005,117.9756,117.977535,118.183725,118.527855
14543,96.7056,96.528135,96.67025,96.7056,97.041005,97.49017
28264,102.096085,101.89899,102.074385,102.096085,102.10186,102.825435
28261,87.08521,86.914135,87.0674,87.08521,87.145535,87.483015
14546,36.74268,36.05405,36.10462,36.74268,36.955115,37.14361
34451,102.377,102.20074,102.207325,102.377,103.011035,103.19945
34450,114.17721,113.557335,113.810335,114.17721,114.316565,114.563595
34453,108.393485,108.009375,108.33375,108.393485,108.904835,114.647905
15497,117.88687,117.8526,117.87918,117.88687,117.918345,118.24907
34454,88.89058,87.879935,87.905855,88.89058,88.93934,89.491775
34457,86.659195,86.6303,86.64168,86.659195,86.67603,87.01271
17893,145.435125,145.39391,145.42538,145.435125,145.44636,145.818895
4085,32.21607,31.689991,31.780615,32.21607,32.320519,32.417287
31442,103.256325,103.06451,103.24318,103.256325,103.33796,104.041675
4088,234.559535,234.367535,234.393647,234.559535,234.659375,234.837551
31449,62.15437,61.839885,61.89622,62.15437,63.125465,63.70518
11323,95.10521,94.789,94.986355,95.10521,95.375665,95.75221
11320,153.31151,153.22689,153.274395,153.31151,153.714045,153.75249
11327,256.922805,256.87779,256.90411,256.922805,256.942765,257.397375
11325,186.414385,186.358195,186.403975,186.414385,186.41973,186.78409
11329,178.60763,178.158465,178.180035,178.60763,178.727785,178.9221
32858,109.691525,109.66226,109.68795,109.691525,109.9043,110.16632
19137,264.526875,263.130345,263.222725,264.526875,265.903455,268.507045
19135,24.386135,24.32822,24.358605,24.386135,24.39706,24.65594
19133,104.87406,104.33395,104.334645,104.87406,104.887355,105.48782
32851,239.070375,238.965795,239.0461,239.070375,239.43243,239.633075
32850,244.47695,243.89534,243.918255,244.47695,245.475225,245.76811
35494,103.304905,102.393655,103.1035,103.304905,103.412225,103.79214
23357,83.581735,83.523415,83.572655,83.581735,84.74061,88.376265
28840,176.664995,176.51331,176.53603,176.664995,177.00487,177.35553
23352,131.173855,129.023565,129.97535,131.173855,138.71635,144.9856
23825,133.06681,132.723135,132.827045,133.06681,133.22146,142.326035
11491,81.39425,81.38549,81.38786,81.39425,81.406695,81.832525
11497,83.586905,83.48344,83.51903,83.586905,83.760675,84.234335
27114,93.86887,93.452395,93.68311,93.86887,93.87114,94.03289
22199,51.0899,49.6419,49.931875,51.0899,51.844295,54.40925
22198,91.328905,91.257015,91.273135,91.328905,91.392085,91.68326
22195,112.625835,111.621755,112.05702,112.625835,113.40411,113.417825
19793,132.074265,131.751915,131.84592,132.074265,132.12066,133.301255
578,105.136149,105.043221,105.082389,105.136149,105.494038,106.335766
19797,33.2857,33.14481,33.267145,33.2857,33.72323,33.9506
23375,95.27073,95.239955,95.241775,95.27073,95.27528,95.84946
16565,117.18878,117.04294,117.160965,117.18878,117.50763,117.8179
34699,148.67734,148.634965,148.673495,148.67734,148.67956,149.121845
19798,130.279735,130.275015,130.27833,130.279735,130.354275,130.854845
16562,208.625535,208.304925,208.378245,208.625535,208.65444,208.989115
12671,75.65753,75.377375,75.46614,75.65753,76.26876,81.56198
12673,13.458365,12.867025,13.31686,13.458365,13.859065,13.91526
10813,95.165055,95.00525,95.15194,95.165055,95.170175,95.81875
10811,125.82526,123.97993,124.192335,125.82526,126.74912,126.84619
10816,110.54222,109.93441,110.4305,110.54222,110.673335,111.420565
10814,22.12554,22.05856,22.12489,22.12554,22.13193,22.47116
10819,105.00386,104.67977,105.00145,105.00386,105.08509,106.31502
28965,99.467905,99.297785,99.445085,99.467905,99.494065,100.237
16309,90.099725,89.72735,89.96224,90.099725,90.61577,92.096385
32140,84.50328,84.437995,84.447725,84.50328,84.581775,85.02504
21076,221.188565,221.17648,221.179645,221.188565,221.21102,222.3043
21071,259.9539,259.902405,259.940655,259.9539,260.078345,260.45189
19867,82.314265,82.281525,82.30778,82.314265,82.4102,82.90984
19866,92.276805,91.266965,92.161905,92.276805,93.298555,96.53995
15211,94.430865,94.41783,94.42924,94.430865,94.49959,95.00096
18296,105.939275,105.82227,105.895685,105.939275,106.06323,106.369345
2392,101.358356,101.343764,101.358356,101.358356,101.386772,101.731605
26246,153.373705,153.244645,153.30212,153.373705,153.387145,154.746275
32904,201.887635,199.82367,199.993435,201.887635,202.37282,202.645045
21210,108.138005,106.62387,108.126515,108.138005,108.16357,109.225535
32433,170.66433,170.643305,170.65167,170.66433,170.667595,172.01439
2172,93.165331,93.150739,93.151507,93.165331,93.173011,93.721363
2173,97.612052,97.588244,97.592084,97.612052,97.736468,98.055188
2170,95.98082,95.365651,95.844116,95.98082,96.043796,96.5069
2171,206.469161,206.059817,206.291753,206.469161,207.497514,209.405226
2176,105.257494,105.000214,105.092374,105.257494,105.368854,106.086165
2177,83.705873,83.563792,83.596049,83.705873,83.772689,83.916305
4969,20.573188,20.454148,20.494852,20.573188,20.811268,21.017092
2175,104.880405,104.309781,104.530965,104.880405,104.886549,106.390294
32435,212.12844,211.967585,212.11244,212.12844,212.14529,214.17278
4963,126.336793,126.320665,126.325273,126.336793,126.661658,126.842906
4961,85.45077,85.175826,85.273361,85.45077,86.082833,89.339922
14042,211.488985,211.30452,211.318535,211.488985,211.53418,211.875085
14043,81.375475,81.320755,81.35273,81.375475,81.376255,81.800405
14049,87.741895,87.39239,87.51572,87.741895,88.593295,89.67516
3263,97.823252,97.443859,97.778708,97.823252,97.953812,98.462228
3264,90.071826,89.276178,89.846802,90.071826,90.392082,90.752275
3267,105.068565,104.514837,105.014037,105.068565,105.136917,105.178389
3269,117.262872,115.733784,116.99484,117.262872,117.376536,117.548568
3268,133.670427,132.11753,132.53609,133.670427,133.866267,136.336155
2728,102.400533,101.543445,102.152469,102.400533,104.229141,105.424149
13230,88.283335,88.13306,88.249785,88.283335,88.347585,88.696235
13231,253.018685,252.98693,253.00474,253.018685,253.25608,253.6823
13237,94.06985,93.392895,93.95845,94.06985,95.268455,96.436685
33362,84.368535,84.323595,84.352275,84.368535,84.39071,85.052735
14226,85.399735,84.303965,85.091965,85.399735,89.502075,91.72665
18210,113.387465,113.19525,113.3444,113.387465,113.47621,114.23462
18213,97.131775,96.995675,97.03102,97.131775,97.174465,97.373475
18212,18.33416,16.966135,17.865555,18.33416,18.385445,23.61189
34849,120.30421,119.829305,119.938375,120.30421,120.436785,120.460625
30546,95.652245,94.90184,95.579075,95.652245,99.080805,100.218305
20030,64.32885,63.608195,64.205595,64.32885,64.4161,64.57932
34845,121.92027,121.83844,121.89441,121.92027,122.03364,122.52812
30543,223.501635,223.43847,223.47303,223.501635,223.57066,224.086165
20037,111.412125,111.360815,111.382235,111.412125,111.49275,111.97157
20034,84.367685,84.00468,84.296585,84.367685,84.581065,84.997975
20035,104.861995,104.85672,104.857065,104.861995,105.16345,105.50231
30276,229.910865,229.791665,229.803795,229.910865,229.947905,230.53411
15795,125.534785,124.372815,124.93748,125.534785,125.55071,125.66932
15794,82.816715,82.803305,82.806935,82.816715,82.834715,83.37847
15793,84.1415,84.0703,84.12731,84.1415,84.175125,84.608935
15792,109.7819,108.8422,109.458875,109.7819,110.86254,111.834825
18729,247.21278,247.053765,247.119545,247.21278,247.29836,247.54114
15799,224.03801,222.930995,223.178265,224.03801,224.148535,232.087745
29411,97.48164,97.18458,97.28547,97.48164,97.57671,98.06592
29416,111.24873,111.151425,111.19371,111.24873,111.351355,111.58211
29415,100.233415,99.641135,99.688415,100.233415,100.331205,100.792975
605,124.035865,123.710233,123.911449,124.035865,124.100377,125.366041
607,156.802592,156.735008,156.741152,156.802592,156.83024,157.11824
23108,14.032,13.76233,13.88748,14.032,16.46432,18.162655
603,119.250456,119.204376,119.244312,119.250456,119.290392,120.000792
1205,108.623638,108.429334,108.576022,108.623638,108.727318,109.652758
1207,91.377427,90.783762,91.19925,91.377427,91.56021,91.655442
3131,110.835479,109.912342,110.442262,110.835479,112.010519,113.109526
15570,109.64465,109.517815,109.552135,109.64465,109.787435,110.619165
16090,143.40367,141.92534,143.197105,143.40367,144.563315,145.08532
30815,143.37664,143.23673,143.32671,143.37664,143.425045,144.025255
30817,163.801695,160.899145,163.02127,163.801695,165.73476,183.73083
30810,115.49064,115.17362,115.41113,115.49064,115.617665,115.99644
26884,84.60669,84.26039,84.60195,84.60669,84.81284,84.846355
29675,102.133235,101.749355,101.755155,102.133235,102.49935,102.55078
29674,105.057725,104.912435,104.934125,105.057725,105.525845,107.809315
29670,96.47993,95.795565,96.225685,96.47993,97.052,97.781665
26889,237.523495,193.00192,203.101905,237.523495,241.34535,248.61402
26888,123.302125,122.803225,123.03725,123.302125,123.53312,125.036285
31148,78.77889,78.718355,78.77506,78.77889,78.803745,79.126115
31638,95.523365,95.350715,95.42224,95.523365,95.59722,96.302845
31639,79.262175,79.167435,79.25549,79.262175,79.286795,79.90957
31140,98.200035,96.598115,98.133225,98.200035,100.59678,100.991405
31141,115.29876,115.17406,115.176445,115.29876,115.416105,118.686
32701,126.477955,125.42852,125.45976,126.477955,126.67755,126.823785
6238,96.205124,96.157739,96.173788,96.205124,96.218484,96.594083
1350,116.1462,116.044056,116.050968,116.1462,116.17308,116.620055
461,93.778195,93.530899,93.689107,93.778195,93.957907,94.149139
34668,105.303355,105.272395,105.290595,105.303355,105.308935,105.862885
6234,81.672061,81.475763,81.581551,81.672061,81.957922,82.808959
34663,111.9193,104.219,109.22032,111.9193,121.60544,141.705605
34661,42.54513,40.328675,42.296535,42.54513,45.40593,48.38208
34666,106.07471,105.976725,106.045665,106.07471,106.09276,107.02455
34667,172.379905,171.98479,172.356465,172.379905,172.4189,172.66367
34664,140.77405,140.510735,140.592275,140.77405,140.844795,141.49689
50017,9.527875,7.73175,9.090125,9.527875,27.542167,61.161
6236,15.665535,15.64877,15.66521,15.665535,15.812601,16.147974
35395,146.76756,146.68862,146.70595,146.76756,146.79024,147.436275
50012,83.728875,83.699959,83.70575,83.728875,83.7295,84.042416
35397,101.900855,101.7435,101.74425,101.900855,102.15475,102.43816
6232,168.913962,168.892859,168.897995,168.913962,168.991689,169.384511
22507,111.265605,111.226665,111.239675,111.265605,111.33565,111.66016
33880,116.871825,116.771355,116.86638,116.871825,116.911295,117.19534
26475,163.168385,160.374665,161.638305,163.168385,163.5114,165.14368
26470,224.08187,224.026405,224.060875,224.08187,224.19083,225.003865
33086,16.34119,15.666385,16.064725,16.34119,16.68333,24.379175
4148,27.69639,27.006726,27.689478,27.69639,28.10343,28.261638
4145,90.571794,90.53877,90.545682,90.571794,90.713106,91.347475
4147,91.615507,91.594771,91.613971,91.615507,91.850515,92.150034
4140,159.97136,159.408416,159.48752,159.97136,160.42448,160.454432
4143,106.995478,106.835734,106.924822,106.995478,107.87791,108.524566
3856,127.258394,127.24457,127.256858,127.258394,127.263002,127.961882
32445,82.499575,82.430525,82.47509,82.499575,82.51159,82.89003
24658,76.8426,76.82794,76.83424,76.8426,76.849975,77.275905
3852,125.546522,125.472794,125.544986,125.546522,125.63945,218.996011
32443,102.73566,100.042545,102.73566,127.143415
32448,40.6028,39.991315,40.416565,40.6028,41.194355,51.23605
32449,219.565175,219.02092,219.382295,219.565175,219.68984,220.33532
28108,184.179,183.95028,184.062655,184.179,184.435775,184.53926
3859,99.780116,99.72098,99.7325,99.780116,99.927572,101.865236
22761,235.08659,234.326215,234.60721,235.08659,235.231855,236.738255
22764,83.438155,83.2105,83.359525,83.438155,84.49298,86.327485
19669,96.697155,96.64358,96.64779,96.697155,96.87144,97.115005
22769,252.05045,251.62061,252.033735,252.05045,252.961925,253.921635
14672,214.74072,213.47818,214.560295,214.74072,215.001135,217.098075
19667,119.86003,119.84764,119.859545,119.86003,119.86454,120.495905
18550,39.4348,36.569135,36.598215,39.4348,40.43413,40.636615
31858,104.926155,98.889475,101.339405,104.926155,106.81004,110.63578
31853,87.869565,87.63275,87.656955,87.869565,88.081175,88.631405
31850,95.155035,95.054855,95.081715,95.155035,95.85061,95.851115
19662,103.48004,103.358655,103.368585,103.48004,103.71217,104.284785
32621,92.861005,92.662995,92.744125,92.861005,97.59578,99.67649
32622,112.14535,112.135695,112.137355,112.14535,112.63116,113.478705
19651,103.86529,103.7812,103.863955,103.86529,103.945095,104.19736
19304,114.845445,114.814895,114.82547,114.845445,114.857385,115.309755
32625,113.9828,113.958805,113.96744,113.9828,114.02471,114.70142
32626,101.914185,101.862335,101.8936,101.914185,102.167525,102.71465
32627,116.224605,116.209015,116.2194,116.224605,116.26815,116.62478
32628,114.04515,113.712435,113.97097,114.04515,114.198445,114.551315
32629,125.97287,125.957475,125.971255,125.97287,126.0013,126.578205
16140,105.08874,105.05341,105.076745,105.08874,105.121145,105.732585
19847,108.344925,108.18045,108.186655,108.344925,108.42207,109.242385
17229,120.64403,118.471285,119.70995,120.64403,121.60014,121.890835
17228,108.08536,106.961625,107.267115,108.08536,108.3128,108.837235
17558,245.37918,245.1407,245.230435,245.37918,245.46457,246.386135
17224,94.45616,94.34049,94.42961,94.45616,94.749775,95.631435
17555,98.819315,97.677235,98.326,98.819315,99.61368,103.97354
17554,137.757475,137.7401,137.747365,137.757475,137.855005,138.26737
17221,90.364715,90.27894,90.346145,90.364715,90.368075,90.873135
32165,104.02729,103.96462,104.02104,104.02729,104.0644,104.346005
17223,106.622355,106.115405,106.35396,106.622355,107.5443,107.96604
13428,83.513055,83.187755,83.35392,83.513055,83.622825,84.12077
4556,115.296791,115.236887,115.251479,115.296791,115.603223,115.930392
16323,94.61059,94.55348,94.5632,94.61059,94.643875,95.43825
4554,123.094297,122.725657,122.986009,123.094297,123.711001,124.365337
29352,125.281145,125.24801,125.26145,125.281145,125.521195,126.041905
13420,85.709375,85.217215,85.403285,85.709375,85.854895,85.88149
11689,45.36769,44.802365,45.2061,45.36769,47.201805,47.98881
11688,106.18998,105.637325,106.048465,106.18998,106.45838,107.04899
11684,104.16153,104.157305,104.159285,104.16153,104.193295,104.748305
16320,93.70098,93.58427,93.647925,93.70098,93.760365,94.36998
24902,82.967705,82.86755,82.91927,82.967705,83.058825,83.1945
27304,85.643315,84.941835,85.062955,85.643315,85.70536,86.55463
24906,92.76796,92.735685,92.73571,92.76796,92.886705,93.2891
27300,156.818555,156.681185,156.760095,156.818555,156.989355,157.64612
24905,109.464365,109.232115,109.25544,109.464365,109.520045,110.56943
24908,80.8386675,78.935435,79.156785,82.52055,89.169435
27308,86.754585,86.65035,86.73596,86.754585,86.97803,87.248315
14981,8.73038,8.671805,8.693965,8.73038,8.7863,9.15391
27908,92.84098,92.800205,92.81241,92.84098,93.072285,93.59591
20625,19.210885,16.955985,18.85564,19.210885,20.456885,22.086045
27903,132.504515,132.414885,132.43286,132.504515,132.71325,133.049865
20622,82.140345,81.34007,81.51486,82.140345,82.155515,82.288055
20621,215.667615,215.5498,215.640595,215.667615,216.35688,511.205455
25232,63.14674,62.981895,63.07677,63.14674,63.57108,63.796605
17546,109.161015,109.055815,109.09106,109.161015,109.223165,109.483995
25235,240.48698,240.41058,240.441855,240.48698,240.935855,241.096305
18956,99.653985,99.398165,99.64085,99.653985,99.906765,101.418815
25239,224.184175,224.11084,224.15462,224.184175,224.363745,224.61259
32168,160.91349,160.31941,160.8489,160.91349,160.943875,160.96394
30097,122.64627,122.433175,122.450585,122.64627,122.704785,123.31744
34593,113.76138,113.121405,113.53915,113.76138,114.01777,114.859625
16799,135.939325,135.83664,135.916845,135.939325,135.9731,136.01156
6077,208.146271,208.104707,208.1296,208.146271,208.627115,213.299952
12087,84.04069,83.906105,83.947495,84.04069,84.31547,84.716815
12084,96.83954,96.755095,96.79996,96.83954,97.64177,98.03277
6074,62.138865,62.03323,62.123536,62.138865,62.165889,62.470555
12082,86.251445,86.104035,86.19202,86.251445,86.33043,86.45852
6072,5.362502,5.342268,5.353268,5.362502,5.420563,5.844302
6071,84.452354,84.419213,84.446249,84.452354,84.505985,84.918216
12081,85.841525,85.34632,85.80569,85.841525,85.86543,85.90183
6079,80.94773,80.868896,80.889685,80.94773,81.01311,81.324686
6078,89.529824,89.438,89.507463,89.529824,89.586337,89.97038
2615,92.984851,92.938003,92.964883,92.984851,93.339667,99.12578
20488,28.36319,27.495965,27.549825,28.36319,29.186505,34.881435
2612,113.659414,113.594135,113.607959,113.659414,113.754647,114.072599
2611,103.997205,103.051029,103.718421,103.997205,104.607765,110.657302
20482,82.258495,82.124675,82.227665,82.258495,82.276765,82.73203
20955,128.16023,128.095185,128.157305,128.16023,128.184215,128.897835
20954,191.18234,190.988265,191.07981,191.18234,191.214155,191.974255
2619,118.998552,118.742808,118.894104,118.998552,119.484696,141.341212
20484,109.927765,108.253995,108.776385,109.927765,110.00613,110.947475
10026,98.681695,98.54202,98.593975,98.681695,98.822225,99.181005
10027,97.84916,95.141865,95.52065,97.84916,98.663995,102.829805
10025,78.836695,78.79352,78.795065,78.836695,78.958695,79.1362
10790,13.430665,10.64871,12.959765,13.430665,14.52447,16.85764
10023,94.91899,94.90138,94.916675,94.91899,94.94321,95.227795
10020,91.68036,91.60242,91.66272,91.68036,91.736835,92.08432
21684,197.918735,197.05611,197.21903,197.918735,197.990845,199.038125
21685,94.458335,94.40626,94.446335,94.458335,94.4669,94.844955
21682,272.709735,272.39139,272.43277,272.709735,273.25602,273.731185
21680,173.305265,173.278215,173.28983,173.305265,173.33013,173.992265
21689,29.75881,29.00816,29.04842,29.75881,29.92842,40.41346
1186,78.704656,78.316048,78.614032,78.704656,79.34824,79.789072
33178,203.23295,202.77341,203.06062,203.23295,203.25319,204.08159
12334,42.21495,41.845785,42.045035,42.21495,42.530365,44.28074
12335,84.438805,84.374525,84.397865,84.438805,84.47835,84.928945
12336,114.08271,113.4949,114.022215,114.08271,114.695085,114.853615
33170,13.76988,13.54346,13.69855,13.76988,13.83654,14.04387
12330,32.36144,32.21163,32.31376,32.36144,32.540715,33.48144
12331,11.151275,10.934225,11.0422,11.151275,11.188845,11.33219
12332,110.010905,109.960655,110.00056,110.010905,110.135955,110.15055
12333,117.44785,116.067175,117.40411,117.44785,117.985315,120.05948
30488,116.47378,114.930565,115.413745,116.47378,117.87172,119.024595
30489,81.34714,81.261975,81.284755,81.34714,81.44725,81.618125
30482,110.1664,110.147835,110.15989,110.1664,110.379585,110.71466
30483,109.270975,109.183875,109.20152,109.270975,109.323585,109.84887
30481,119.724655,119.61557,119.68932,119.724655,120.26081,120.64474
30485,138.43107,138.369365,138.407895,138.43107,138.58476,139.50233
10248,108.8054,108.75633,108.75651,108.8054,108.898255,109.155865
10249,159.325195,159.23783,159.32222,159.325195,159.36922,166.236475
29080,154.844615,154.808505,154.82285,154.844615,155.07014,155.569005
10243,208.76501,208.70713,208.744855,208.76501,208.773375,209.262685
29084,58.79146,58.68633,58.71216,58.79146,58.800645,59.398605
33285,179.145575,179.00677,179.120485,179.145575,179.14787,179.71549
18685,94.14328,93.88857,94.105775,94.14328,94.21697,94.518795
21534,93.528795,93.14607,93.230415,93.528795,96.83608,97.113745
21536,127.896215,125.576465,126.640305,127.896215,137.459045,141.770055
21537,114.75983,114.442865,114.729375,114.75983,114.928135,117.179515
24010,85.52521,85.49321,85.51704,85.52521,85.63343,86.0309
21533,115.356915,113.75252,114.33937,115.356915,115.40862,118.6431
22881,2.934,2.887,2.887,2.934,3.37,3.595
741,140.865052,140.07478,140.25526,140.865052,141.159965,141.194524
29883,21.65917,21.323625,21.49492,21.65917,21.677075,21.913645
744,112.02895,111.983638,112.027414,112.02895,112.138774,112.432919
746,144.619805,144.589085,144.617501,144.619805,144.672797,145.034525
29887,115.48673,114.86204,115.30849,115.48673,116.8461,117.00359
29888,209.99182,209.715765,209.90658,209.99182,210.05159,210.68937
24330,106.101115,106.027015,106.041795,106.101115,106.104,106.74567
24335,100.68769,100.526235,100.621275,100.68769,100.80678,101.644665
24336,98.34768,97.89524,98.12808,98.34768,99.364485,104.87612
2947,110.941462,110.58895,110.92303,110.941462,110.970646,111.175703
2946,116.769047,116.747543,116.749079,116.769047,116.849687,117.49788
2944,102.695445,102.650901,102.673941,102.695445,102.746901,103.105557
2943,122.714904,122.67804,122.709528,122.714904,122.819352,123.092761
2942,128.940314,128.925722,128.928026,128.940314,128.967194,129.465626
2941,109.691158,109.16431,109.44463,109.691158,110.106646,110.429975
2940,120.445465,120.209689,120.430105,120.445465,120.70812,120.784921
1051,220.038188,218.87006,218.901548,220.038188,220.353835,220.645676
1053,64.512781,64.394509,64.462093,64.512781,64.601869,65.754638
1058,86.92149,86.707218,86.877714,86.92149,87.158802,87.216402
30156,270.031855,269.63395,269.872905,270.031855,271.32151,272.252335
30159,103.312065,103.306025,103.31046,103.312065,103.43463,113.84921
16103,11.82511,11.08239,11.357305,11.82511,13.04565,13.226485
33552,86.80689,86.285775,86.302415,86.80689,87.196195,87.383835
4314,120.522264,120.371736,120.380952,120.522264,121.34556,121.526041
31282,86.626915,86.48317,86.512695,86.626915,86.791155,86.815725
33887,92.35787,92.075275,92.07828,92.35787,92.592045,92.96501
32721,101.241685,101.12429,101.22712,101.241685,101.363885,102.22746
27311,480.24031,478.25501,479.691525,480.24031,480.302605,482.473425
21045,233.249555,230.680855,231.2521,233.249555,255.14556,261.407155
31288,84.751905,84.702315,84.74163,84.751905,84.766065,85.242655
34436,104.97421,104.872865,104.882445,104.97421,105.18842,117.17574
26221,77.90395,77.882405,77.902565,77.90395,77.963975,78.30029
33827,102.996965,102.853545,102.93334,102.996965,103.206365,105.297095
33821,78.956225,78.908135,78.92656,78.956225,79.544585,81.818665
33820,116.92758,115.660105,116.329355,116.92758,116.93051,116.985425
33822,99.60541,99.538,99.584945,99.60541,99.838715,100.56195
33556,109.393785,109.34421,109.352455,109.393785,109.634365,111.619105
33829,113.230435,113.1888,113.21767,113.230435,113.253035,113.733645
14569,91.051415,90.529075,90.54495,91.051415,91.502365,92.289415
24480,98.11777,98.04602,98.09202,98.11777,98.134445,98.692035
3117,90.125586,90.08949,90.09333,90.125586,90.127122,90.263826
3115,130.592282,130.533914,130.551578,130.592282,130.870299,133.191195
3113,109.221141,106.252054,106.489366,109.221141,112.518935,113.038871
3112,122.844697,122.525977,122.562073,122.844697,123.035928,123.166489
3111,104.441878,104.408853,104.426518,104.441878,104.454166,105.130005
3110,105.129237,104.514837,104.563989,105.129237,106.288918,106.62991
15961,22.955735,22.93581,22.949645,22.955735,22.990855,23.36238
30732,79.1289,79.040085,79.123865,79.1289,79.869995,79.893165
30733,115.307615,115.18978,115.22283,115.307615,115.362785,116.58103
30735,104.24944,104.21941,104.243835,104.24944,104.370515,104.680955
34479,121.94488,121.89289,121.944865,121.94488,121.9513,122.519135
30737,108.264015,108.25802,108.260245,108.264015,108.50985,108.73736
34477,101.26384,100.99959,101.16293,101.26384,101.376105,102.37085
15969,106.89318,106.880375,106.88059,106.89318,106.9796,107.1901
34475,128.93381,128.78402,128.79197,128.93381,128.98261,129.227315
34473,109.65485,109.070555,109.07117,109.65485,109.929715,111.12882
34470,123.8356,123.62541,123.808745,123.8356,123.999225,124.302095
31461,170.063215,168.08582,169.652865,170.063215,173.633305,174.140865
2595,95.501587,95.392531,95.490067,95.501587,95.602963,96.090644
21047,243.711585,243.6964,243.7046,243.711585,245.18273,264.80818
31469,98.367195,98.15108,98.3266,98.367195,98.51447,99.14092
31468,129.54819,129.46429,129.486895,129.54819,130.038395,131.15418
27740,93.05944,92.810315,93.05173,93.05944,93.138535,93.141485
11308,124.48396,124.446395,124.46941,124.48396,124.546475,124.86716
11301,132.308025,132.24388,132.26376,132.308025,132.34718,132.690665
27680,129.560475,129.499095,129.530645,129.560475,129.59628,130.347135
27684,98.41662,98.319045,98.33683,98.41662,98.42999,99.3861
27685,109.74672,109.665085,109.68625,109.74672,109.768885,110.33938
3186,104.759829,104.544021,104.623893,104.759829,105.421077,109.94383
20631,88.0947,88.081865,88.089425,88.0947,88.10401,88.69706
27914,92.6407,92.497945,92.57442,92.6407,93.21592,93.307615
3352,107.208214,106.861077,107.032341,107.208214,107.496214,107.672086
28820,169.55388,169.43232,169.434685,169.55388,169.94954,170.16963
23376,112.669845,111.61242,112.032235,112.669845,114.469895,114.54814
28826,230.19071,230.09312,230.09454,230.19071,230.27403,230.72136
12535,114.239065,114.20784,114.22158,114.239065,114.24939,114.70979
12531,128.16382,128.13592,128.158455,128.16382,128.182855,128.60411
24434,114.513635,114.00776,114.33537,114.513635,114.629625,114.65152
16091,81.976765,80.854175,81.77102,81.976765,82.485335,82.81677
16542,87.78625,87.705145,87.721705,87.78625,87.827985,88.493315
16095,97.394375,96.93908,97.11832,97.394375,97.69202,98.62506
16546,87.606095,87.42059,87.431225,87.606095,87.61825,88.093725
12652,81.11677,78.520955,79.908365,81.11677,81.203365,81.880765
12651,19.898435,18.80731,19.73049,19.898435,20.785425,21.828155
12650,182.464505,170.208045,181.405085,182.464505,187.59025,188.044775
12657,141.771805,141.72627,141.754175,141.771805,141.7732,142.090685
12654,132.25529,132.22173,132.24229,132.25529,132.451935,132.823025
7,85.996817,85.911569,85.949201,85.996817,86.032145,86.688018
10874,6.47195,5.570835,6.302075,6.47195,6.96705,7.308425
32167,226.179385,226.117565,226.14987,226.179385,226.18322,226.787675
19846,118.360885,118.346415,118.358465,118.360885,118.400015,118.764445
19517,124.61833,124.411035,124.606085,124.61833,124.921245,125.08157
32164,84.68834,84.592335,84.685415,84.68834,84.90794,84.959625
19843,93.09115,93.07786,93.082685,93.09115,93.191715,93.7141
32162,89.85929,88.913805,89.04344,89.85929,90.59345,91.48322
16897,122.671385,119.423505,122.615005,122.671385,123.543435,124.40235
19512,131.34253,131.293075,131.3192,131.34253,131.347725,131.97603
16898,19.31664,18.248335,18.89506,19.31664,19.96568,25.38718
32169,184.807735,184.197195,184.69597,184.807735,184.946435,185.069325
19848,107.86429,107.321485,107.418545,107.86429,108.54862,110.12662
21052,233.38445,233.30399,233.333955,233.38445,233.597465,233.807475
21050,228.328345,227.88429,228.06929,228.328345,228.32969,228.703865
21057,151.097835,151.057235,151.08683,151.097835,151.102095,151.635145
2378,76.697871,76.654864,76.686351,76.697871,76.711695,77.180944
2374,97.974548,97.120532,97.4285,97.974548,99.01826,99.326996
2376,106.83343,106.648342,106.746646,106.83343,106.900246,108.271126
2371,109.122838,107.712022,108.80719,109.122838,110.05135,110.410006
2373,86.206481,85.920785,86.031377,86.206481,86.280977,86.602001
21236,103.35525,103.309715,103.34661,103.35525,103.367215,103.745235
21947,100.93446,100.869015,100.907635,100.93446,101.55595,131.062365
21234,116.690065,116.638645,116.671475,116.690065,116.70617,117.17322
21233,106.663655,106.604235,106.630055,106.663655,106.73033,107.13956
21239,107.732545,107.695825,107.731445,107.732545,107.75197,108.075395
4945,28.563462,28.515078,28.541958,28.563462,28.607239,28.866053
4941,224.882733,224.610861,224.861229,224.882733,224.929581,225.303598
4943,109.469975,108.920855,109.441559,109.469975,109.85167,109.910806
6043,97.319412,97.309593,97.316176,97.319412,97.338591,98.19137
25189,284.51323,284.31884,284.475835,284.51323,284.59615,285.29275
21474,106.83388,105.795395,105.811585,106.83388,107.85463,107.871355
2112,86.721809,86.709522,86.721042,86.721809,86.774802,87.184913
2114,103.378196,103.114772,103.17314,103.378196,104.892693,105.084693
2116,87.987474,87.841554,87.917586,87.987474,88.098834,88.828434
6047,92.20593,92.186261,92.204085,92.20593,92.262944,92.689592
14023,76.45158,76.415295,76.446615,76.45158,76.456245,76.72802
14025,85.756425,85.71677,85.72278,85.756425,86.320925,86.48962
6045,60.269569,60.244754,60.264754,60.269569,60.275613,60.738512
17789,158.735695,158.18887,158.64657,158.735695,158.83799,161.053335
17056,91.21042,90.59513,91.056225,91.21042,91.336405,92.25714
17054,82.385635,81.7456,81.852545,82.385635,82.471285,82.58459
17055,96.452325,96.398985,96.42471,96.452325,96.50015,96.6558
17050,91.49821,91.406775,91.465315,91.49821,91.53051,92.13134
3288,109.255703,108.78415,109.128215,109.255703,109.958422,153.242911
3286,89.117202,88.349202,88.454418,89.117202,89.128722,89.316114
3285,120.913176,120.874776,120.875544,120.913176,120.960024,139.129372
3284,96.210452,95.747348,96.201236,96.210452,96.565268,102.480405
3283,103.877397,103.855893,103.871253,103.877397,104.103189,104.473365
3282,85.330961,85.123601,85.203473,85.330961,85.545233,86.17269
3280,7.521026,7.50413,7.505666,7.521026,7.521794,8.209923
13210,79.5264,79.397345,79.413325,79.5264,80.04078,96.899025
33955,187.53303,187.19573,187.26503,187.53303,188.035655,188.12981
13212,22.814665,22.759125,22.77089,22.814665,22.854485,23.289665
13213,83.329475,82.867085,83.043145,83.329475,83.72664,83.89166
13214,96.40541,96.08495,96.347875,96.40541,96.639555,97.231215
18377,154.412725,154.32727,154.344635,154.412725,154.45129,155.93074
13218,205.865035,205.779975,205.80172,205.865035,205.88885,206.390785
13219,110.378215,110.25176,110.34451,110.378215,110.414685,110.799225
11134,113.302865,112.55065,112.67141,113.302865,113.87546,115.08774
10498,38.609005,33.70654,35.751405,38.609005,41.743145,47.794915
10497,148.36704,148.145375,148.185475,148.36704,148.643165,149.15067
10495,40.130465,40.10239,40.12463,40.130465,40.137525,40.33294
10491,18.489655,17.46568,17.82373,18.489655,19.62633,26.719025
882,137.407516,137.058844,137.3407,137.407516,137.86678,137.933596
881,80.011792,79.922704,79.938064,80.011792,80.090896,80.289808
887,105.434133,105.398806,105.421078,105.434133,105.668374,108.522261
14323,143.44519,142.4996,143.172555,143.44519,143.445245,143.973345
884,126.816026,126.452762,126.585626,126.816026,127.639322,158.315552
33616,111.66387,111.56238,111.590235,111.66387,111.751,112.65252
18232,67.943455,67.43419,67.50803,67.943455,68.353775,70.263405
889,111.644183,111.591191,111.624983,111.644183,111.662615,112.02511
14322,35.35528,31.014215,34.63339,35.35528,36.233815,42.327085
33340,41.04277,40.7962,40.894025,41.04277,41.381795,41.4411
14971,231.41257,231.37183,231.403725,231.41257,231.45522,231.97013
14796,31.428685,30.845335,31.09931,31.428685,31.59162,39.41291
14973,98.40297,98.08875,98.38365,98.40297,99.14698,99.570955
20544,132.11038,119.680315,124.29123,132.11038,135.44835,142.66702
20013,81.53375,81.12955,81.137305,81.53375,81.70435,82.2846
34860,81.149145,79.552225,79.671395,81.149145,81.46717,82.599
20015,102.00495,101.912395,101.92178,102.00495,102.34815,104.227575
20019,134.43173,134.166475,134.17299,134.43173,134.458235,134.628185
34869,83.60427,83.411365,83.46332,83.60427,83.800175,84.176785
19432,108.368675,107.20372,107.53097,108.368675,108.933305,109.27539
32510,174.549255,174.5031,174.54457,174.549255,174.676805,175.05155
3988,86.562066,86.400018,86.545938,86.562066,86.676498,87.026705
15779,97.29645,97.24426,97.26561,97.29645,97.567825,98.225475
26896,91.420435,91.12361,91.212845,91.420435,91.438495,91.753385
15770,109.212655,109.190665,109.199505,109.212655,109.22004,109.78704
15772,86.857685,86.81557,86.83891,86.857685,86.957465,87.32542
29470,93.036675,92.965375,93.02221,93.036675,93.130975,93.587895
29473,115.658465,115.65213,115.65719,115.658465,115.698475,115.9054
29476,103.05627,101.82049,102.81062,103.05627,103.34666,105.964145
16020,78.829995,78.73701,78.752525,78.829995,78.89839,79.781925
28402,113.002075,111.852695,112.69326,113.002075,113.222685,113.903915
1269,137.936668,137.280796,137.392156,137.936668,143.894045,146.254878
1268,79.445008,79.407376,79.438864,79.445008,79.712272,79.793679
3289,90.215442,89.944338,90.210066,90.215442,90.330642,90.56181
668,139.468828,139.453468,139.463452,139.468828,139.665436,139.950364
667,86.796306,86.690322,86.757906,86.796306,86.927634,87.830034
1261,83.573009,83.463185,83.536913,83.573009,83.592977,83.907857
1260,111.61039,111.535895,111.552022,111.61039,112.045846,133.933851
661,88.953619,88.766995,88.922131,88.953619,89.045779,89.447442
660,106.616086,106.170646,106.24591,106.616086,106.72207,107.267349
34398,105.90372,105.80598,105.861305,105.90372,106.796105,107.407505
30838,235.437345,235.15958,235.423685,235.437345,235.7657,236.055935
30833,128.986985,106.665315,125.66685,128.986985,149.899835,152.15385
30832,84.94021,84.888085,84.93105,84.94021,84.98031,85.671255
30831,60.279505,59.813275,59.86248,60.279505,60.644605,61.321515
34391,109.765535,108.66407,109.3776,109.765535,109.85935,110.142335
30837,85.04583,84.927775,84.94156,85.04583,85.04744,85.412175
34397,155.120765,154.548915,154.99551,155.120765,155.71353,156.91945
30835,98.174705,98.09633,98.14483,98.174705,98.191705,99.13947
15516,84.523435,84.474505,84.487165,84.523435,84.663225,84.94393
31614,95.87211,95.80614,95.827425,95.87211,95.89176,96.219895
31615,87.65076,87.21701,87.5172,87.65076,88.37826,88.419455
31616,103.821805,103.800255,103.814645,103.821805,103.836995,104.47873
29699,91.446125,91.434985,91.436305,91.446125,91.46544,91.91087
31611,100.440655,100.383895,100.406405,100.440655,100.5452,103.4918
31612,103.788345,103.6447,103.647935,103.788345,103.86095,104.171995
30353,58.2335,57.098975,57.155435,58.2335,58.648885,61.654665
34981,81.31115,80.912485,81.276495,81.31115,81.480875,81.75762
31778,123.072215,121.384715,122.67734,123.072215,123.51289,130.089445
15586,76.63398,76.51976,76.56848,76.63398,76.884355,76.923335
34640,29.608975,29.134795,29.48687,29.608975,30.08875,33.046785
34641,94.715475,94.643215,94.68005,94.715475,94.81501,95.27731
34134,75.255545,75.19571,75.228735,75.255545,75.39381,75.77885
34643,80.62265,80.263895,80.3914,80.62265,81.21468,81.882935
34644,35.63981,35.07934,35.247655,35.63981,35.74115,36.262245
34985,88.373035,88.20205,88.28927,88.373035,89.321995,89.729915
34646,155.379395,154.983625,155.328335,155.379395,155.470895,155.73737
34647,137.361555,137.333415,137.346635,137.361555,137.3948,137.63043
34648,119.255115,117.176305,118.94541,119.255115,125.237525,144.70333
34984,83.25517,82.95213,83.013825,83.25517,83.332355,83.586555
34139,96.691035,96.23163,96.2866,96.691035,97.38802,97.467475
12774,95.688225,95.384355,95.61056,95.688225,95.698795,95.93667
23163,110.021875,109.9953,110.01628,110.021875,110.030635,110.250925
6126,82.24569,82.211764,82.215235,82.24569,82.383208,82.680945
23165,87.76493,87.74505,87.74789,87.76493,87.779065,87.98094
6120,106.640593,106.461836,106.596294,106.640593,106.692512,106.908617
22568,102.578345,102.525705,102.576055,102.578345,102.61598,103.010185
12773,107.870445,107.40163,107.742115,107.870445,107.89202,108.5837
34505,128.576885,128.50274,128.537065,128.576885,128.579225,128.78905
34504,96.744015,96.34335,96.48764,96.744015,97.126105,98.0922
26417,225.05965,225.030575,225.05662,225.05965,225.118535,225.500755
24671,114.601615,114.39788,114.501755,114.601615,114.90168,114.974935
24674,258.05044,257.19272,257.81081,258.05044,258.24202,260.232545
4123,117.122328,117.057048,117.101592,117.122328,117.141528,117.434904
34500,117.1401,117.057305,117.10491,117.1401,117.149175,120.009715
4127,102.521877,101.462805,102.359828,102.521877,102.532629,104.918037
4124,214.341931,213.964843,214.243627,214.341931,214.957099,216.219692
32422,101.72193,101.28782,101.388995,101.72193,102.5564,105.20738
31005,117.25182,117.08328,117.182445,117.25182,117.849955,118.01941
32420,87.187455,87.14988,87.170575,87.187455,87.20022,87.54889
32421,29.617035,29.58663,29.588265,29.617035,29.651345,30.090765
28129,146.71215,146.232165,146.496955,146.71215,146.74361,147.190315
32424,110.17599,110.01626,110.024645,110.17599,110.314205,110.540165
28125,92.269155,92.20025,92.25506,92.269155,92.302695,93.10713
32428,56.68917,55.97509,56.31519,56.68917,56.911615,58.42849
32429,117.00897,116.933,116.985945,117.00897,117.171045,117.55278
4194,109.794838,109.037591,109.149719,109.794838,110.109718,113.412119
28123,76.2998,76.2409,76.251005,76.2998,76.394405,76.661275
31558,112.734095,112.181855,112.21667,112.734095,113.810185,113.91818
22788,81.274655,80.681465,80.89401,81.274655,81.652955,82.021285
22789,156.434545,155.91768,155.960315,156.434545,156.51871,157.104085
35052,68.71951,68.23084,68.310385,68.71951,68.83503,69.79109
22785,114.727755,114.094495,114.38835,114.727755,115.83851,117.19072
22780,157.1073,157.03544,157.05145,157.1073,157.245465,157.45504
35053,108.71228,108.206955,108.344725,108.71228,109.63276,109.728195
31872,94.872915,94.52654,94.855105,94.872915,94.932725,95.68583
35510,47.410305,47.28981,47.40061,47.410305,47.602885,48.309935
31874,106.134675,105.264845,105.99665,106.134675,107.496605,108.1964
31875,102.3886,101.34473,101.820325,102.3886,102.53791,102.557095
31876,97.830685,97.5902,97.722255,97.830685,97.937955,98.550315
31878,118.557845,118.17119,118.409285,118.557845,118.76863,119.18215
31879,79.14369,79.025405,79.046165,79.14369,79.22679,79.387315
32090,129.781625,129.47647,129.569165,129.781625,129.867015,130.042185
11518,113.90025,113.810235,113.894315,113.90025,113.957005,114.77535
11516,77.837815,77.77409,77.82853,77.837815,77.848955,78.22147
11513,36.73662,32.33157,35.86741,36.73662,37.04685,38.329875
32399,108.005655,106.39169,106.895165,108.005655,111.59931,116.534115
27097,92.94529,92.85803,92.91344,92.94529,93.251935,93.525565
27091,136.935285,136.9073,136.910505,136.935285,137.00671,137.581985
19671,124.070655,123.343315,123.63689,124.070655,124.338375,125.75104
16152,106.078175,105.95304,106.04006,106.078175,106.133255,106.830215
34357,104.57583,104.526235,104.562305,104.57583,104.800395,104.966055
16155,65.90013,65.34653,65.36746,65.90013,67.48746,74.539905
32397,41.466765,41.27974,41.427995,41.466765,41.599525,43.9934
17209,115.195805,114.83054,114.944765,115.195805,116.059395,116.35329
14799,91.438605,91.40237,91.413605,91.438605,91.47772,91.85126
17203,95.59975,95.309995,95.485535,95.59975,95.6209,95.851695
25780,87.05748,87.02296,87.043115,87.05748,87.119315,87.39419
25785,99.399425,99.059845,99.069265,99.399425,99.644885,101.290575
25784,30.815645,30.724005,30.79441,30.815645,31.11228,31.746145
25035,107.511365,107.107125,107.473125,107.511365,107.66078,107.731465
25034,141.41268,140.262105,140.79576,141.41268,141.432435,141.676615
25030,76.532665,76.26308,76.2779,76.532665,77.518925,77.681135
16288,118.402855,118.316485,118.367315,118.402855,118.454465,118.90416
27323,125.48357,123.00801,124.89923,125.48357,125.73871,136.885185
33344,274.97735,274.83394,274.88451,274.97735,275.531645,276.30475
27321,98.828575,98.380505,98.410115,98.828575,98.8301,99.88697
27326,148.808365,144.73922,145.69557,148.808365,171.32963,183.507145
24920,88.185465,88.137045,88.174015,88.185465,88.187095,88.37303
24922,109.289695,109.03526,109.056915,109.289695,109.6036,110.133285
24924,108.37364,107.06539,108.34079,108.37364,108.59403,108.979265
24925,79.405185,79.376215,79.385405,79.405185,79.733355,80.08347
24927,149.164355,148.60595,148.805355,149.164355,149.24119,150.882465
2587,86.594322,86.37621,86.590482,86.594322,86.665745,88.025106
2584,92.902675,92.628499,92.851219,92.902675,93.057811,93.080851
2583,114.753047,114.663191,114.741527,114.753047,114.757655,116.539416
2581,125.939738,125.079578,125.775386,125.939738,135.733275,144.188957
2580,86.876946,86.508306,86.654226,86.876946,87.058194,87.34005
14795,21.11861,19.2561,20.52802,21.11861,21.184995,22.41966
25252,226.8091,226.7623,226.78007,226.8091,226.82401,227.368985
32094,115.40499,114.636345,115.059315,115.40499,115.789755,141.66363
285,136.803099,136.159515,136.707867,136.803099,137.051932,138.612508
32376,110.496005,109.63525,110.21008,110.496005,111.016215,112.14394
20012,86.8868,86.854685,86.8826,86.8868,86.93931,87.501065
6059,253.370395,251.853995,252.734014,253.370395,253.387181,254.653372
6058,83.412953,83.374288,83.399173,83.412953,83.447424,84.411851
6055,212.564204,212.537832,212.561318,212.564204,212.591356,212.971394
6054,169.685651,169.28999,169.648479,169.685651,170.047715,170.790191
6056,94.986267,94.939072,94.952457,94.986267,94.994453,95.221483
6051,122.82191,122.718336,122.7241,122.82191,122.84862,126.613268
6050,85.319711,85.296967,85.314027,85.319711,85.347111,85.918354
6053,243.503673,243.485839,243.499238,243.503673,243.519942,243.92379
6052,89.445228,89.415122,89.435232,89.445228,89.485249,89.924179
10005,86.539835,86.00383,86.28646,86.539835,86.887435,87.53181
10007,80.791945,78.418085,80.037235,80.791945,81.731845,86.711885
2639,109.839382,107.99311,108.540694,109.839382,111.396118,122.484505
10001,86.62809,86.51436,86.56987,86.62809,86.77752,87.345885
10003,83.230745,83.17411,83.22976,83.230745,83.28122,83.722255
2634,77.521936,77.398288,77.515792,77.521936,77.70472,78.189329
2631,92.315155,92.287507,92.292115,92.315155,92.445715,92.939538
2630,106.85647,105.891862,106.532373,106.85647,108.765718,109.12591
33110,225.52802,224.28691,225.232485,225.52802,225.82708,226.989255
33115,148.715245,147.67745,148.18402,148.715245,151.08911,155.161975
33116,28.52922,28.093995,28.425165,28.52922,30.754705,32.90411
12359,83.97826,83.5292,83.810725,83.97826,84.056355,84.43444
12356,78.231095,78.194855,78.22042,78.231095,78.24171,78.7311
12357,122.422815,122.33903,122.392695,122.422815,122.42321,122.96986
10261,75.97732,75.444965,75.9576,75.97732,77.414785,79.28686
10262,135.0414,134.994025,135.03283,135.0414,135.124755,135.505725
10266,218.770295,218.49126,218.635575,218.770295,219.647195,220.12676
10267,107.071105,106.828715,106.86896,107.071105,107.433445,107.61324
10268,110.90657,110.774865,110.873285,110.90657,111.253365,112.059495
3545,88.301586,88.254738,88.293138,88.301586,88.355346,89.077265
3546,102.435093,102.326805,102.363669,102.435093,102.442004,103.440405
3547,112.312343,111.920663,111.922199,112.312343,112.562711,112.806167
3542,142.268957,142.110749,142.215197,142.268957,142.389533,143.094557
24070,110.677125,110.12661,110.49462,110.677125,110.99023,112.215825
21557,88.24427,88.18718,88.21826,88.24427,88.669705,88.77713
21554,113.184125,113.01887,113.147265,113.184125,113.24324,113.804835
20975,102.67567,102.62169,102.64444,102.67567,102.737095,103.35453
20973,103.332265,103.259665,103.32557,103.332265,103.44176,103.972355
20971,190.020025,189.96981,190.01153,190.020025,190.07085,190.169695
20970,113.131255,113.08412,113.113745,113.131255,113.34549,113.45044
769,107.434006,107.195926,107.370262,107.434006,107.511574,107.92015
2961,115.506455,114.781464,114.802968,115.506455,115.653912,117.209112
2960,95.382548,95.198996,95.332628,95.382548,95.505428,96.152851
29868,224.50015,224.4233,224.457435,224.50015,224.565245,225.317885
763,116.927256,116.628504,116.785176,116.927256,118.11228,118.675224
29864,103.32174,103.198555,103.277205,103.32174,103.43763,104.698305
761,86.350866,85.979154,86.139665,86.350866,86.69493,107.159062
2968,134.573595,134.383899,134.417691,134.573595,134.781723,134.93302
764,102.475029,102.445077,102.471189,102.475029,102.536469,103.039509
24319,93.217385,93.169635,93.20062,93.217385,93.257815,93.6558
13888,232.171975,232.076565,232.15093,232.171975,232.628285,232.824065
24314,36.011435,33.658785,34.04851,36.011435,36.22201,43.205575
1078,227.244334,225.787438,226.48171,227.244334,227.487022,227.523886
1072,251.38565,251.060786,251.173682,251.38565,251.479347,252.031538
13004,65.51242,65.12509,65.40625,65.51242,65.842435,68.48204
30131,106.57632,106.525765,106.56791,106.57632,106.647765,107.344945
13001,109.08077,109.04291,109.059235,109.08077,109.104025,109.45254
30137,93.68049,93.443015,93.575555,93.68049,93.898385,94.1165
30134,114.19325,112.721175,113.295525,114.19325,115.716235,115.841915
13002,98.78936,98.735155,98.7761,98.78936,98.82286,99.824005
30138,78.993805,78.71469,78.910075,78.993805,79.01654,83.26122
30139,131.93333,131.865545,131.87633,131.93333,131.982735,132.45313
13008,111.11841,110.982715,111.061825,111.11841,111.998825,112.00648
4336,139.244572,138.432796,139.08022,139.244572,139.687708,146.051358
31264,107.98959,107.940085,107.95917,107.98959,107.993445,108.21793
4334,61.564428,57.216011,61.304844,61.564428,64.023565,70.576142
4335,106.354966,105.964822,106.219798,106.354966,106.377238,106.82191
4333,88.02357,87.63957,87.698706,88.02357,88.707858,89.226258
33803,116.904855,116.40033,116.86319,116.904855,116.96485,117.273545
33801,109.28829,109.090455,109.192595,109.28829,109.29587,109.97579
3136,99.120405,98.938389,99.104277,99.120405,99.330837,99.439124
33807,119.807665,119.687785,119.70569,119.807665,120.625845,121.121295
3130,85.302545,85.152017,85.222673,85.302545,85.317905,85.61205
33805,112.142425,111.798925,111.98101,112.142425,112.20769,112.750365
3132,109.128982,109.082134,109.109014,109.128982,109.142806,109.681942
14584,224.94563,224.24073,224.864405,224.94563,227.233405,228.628855
14587,91.317895,90.61594,91.250895,91.317895,91.464595,91.85506
33808,90.41485,90.376335,90.37897,90.41485,90.46118,90.788345
3139,89.508114,89.333778,89.341458,89.508114,89.525778,90.095634
3138,105.870357,105.543957,105.856533,105.870357,105.882645,106.64911
14583,76.335545,75.734255,75.772345,76.335545,77.19543,77.35405
20206,95.486465,95.411415,95.42839,95.486465,95.54276,96.052925
20203,123.8839,123.56079,123.6445,123.8839,124.00632,124.02599
20202,87.27962,87.24895,87.25683,87.27962,87.28445,87.66914
22896,85.02577,84.9465,84.967135,85.02577,85.183035,85.514375
17855,145.915885,145.722725,145.83428,145.915885,146.9024,147.585085
20208,100.89184,100.65808,100.768665,100.89184,101.86561,102.38305
20499,107.747175,107.635715,107.70547,107.747175,107.88137,108.044285
15988,95.744715,95.520155,95.54351,95.744715,95.768985,96.042115
15984,209.13852,208.80754,208.994725,209.13852,209.153465,209.180435
31409,94.23343,94.02382,94.11403,94.23343,94.66272,96.335025
775,126.954266,126.627865,126.63785,126.954266,127.097114,127.260698
31401,71.184785,71.025895,71.153695,71.184785,73.14741,75.044135
31403,157.416075,155.40077,156.793735,157.416075,157.626365,170.14876
31405,90.59806,90.42096,90.56111,90.59806,90.684255,90.810855
31407,162.526355,158.240075,161.59611,162.526355,163.133525,163.917925
23716,85.008,83.887,84.035,85.008,90.188,92.33
23245,98.046425,97.602175,97.923165,98.046425,98.74737,108.35581
23573,91.003445,90.931075,90.93972,91.003445,91.02201,91.454415
19041,210.50594,210.382995,210.500155,210.50594,210.555395,211.154755
15185,94.411395,94.33663,94.34558,94.411395,94.43757,94.53866
15183,103.44006,102.91262,102.96484,103.44006,103.47381,104.05965
27667,28.860965,28.50288,28.603705,28.860965,28.957505,30.925755
15189,104.72903,103.272815,104.26197,104.72903,107.278545,109.43057
17889,196.007135,195.54033,195.81516,196.007135,196.278405,196.465765
34513,163.05809,162.64252,162.77904,163.05809,163.27893,163.509165
25807,32.239015,30.899755,31.29832,32.239015,32.45303,34.188235
27722,86.524705,86.51236,86.5185,86.524705,86.5469,87.072695
28800,90.6344,90.47217,90.49834,90.6344,90.76873,91.126255
15324,107.6491,106.66154,107.02404,107.6491,108.016885,108.37858
28808,173.88863,173.57767,173.877025,173.88863,173.9601,174.40912
23318,99.70324,99.685105,99.69443,99.70324,100.021035,100.39195
12442,81.47635,81.462885,81.47318,81.47635,81.47797,82.090395
23314,104.13719,104.041305,104.135915,104.13719,104.14563,104.704735
12518,17.86119,17.45922,17.51595,17.86119,18.21222,18.555645
30971,125.958445,125.85789,125.90368,125.958445,126.005745,126.58253
24320,92.932535,92.78338,92.84289,92.932535,93.06587,93.310995
2250,172.03357,171.738658,171.857698,172.03357,172.791587,190.425638
32981,104.50797,103.65145,103.95513,104.50797,105.347535,106.000205
32983,273.476185,273.41528,273.47073,273.476185,273.616185,274.128245
32982,86.958635,86.58709,86.731895,86.958635,87.348355,89.40445
32988,132.34408,132.26977,132.328275,132.34408,132.440235,132.602815
12630,123.31587,123.21885,123.273555,123.31587,123.426045,123.76795
15328,141.032465,141.010585,141.024115,141.032465,141.080995,141.823175
12639,122.604715,122.49556,122.53996,122.604715,122.674845,122.878425
10850,95.02658,94.689815,94.888045,95.02658,95.176085,95.483385
10859,120.143935,120.05734,120.13406,120.143935,120.166785,120.374195
10858,115.200215,114.318565,114.5953,115.200215,115.66667,115.80959
19533,82.398485,82.346375,82.37888,82.398485,82.707655,82.771745
21030,30.27944,30.209395,30.223575,30.27944,30.433285,30.870935
19531,99.801735,99.78997,99.79383,99.801735,99.91975,101.142745
21035,171.86809,171.855725,171.85949,171.86809,171.917955,172.426715
28889,85.593345,85.26693,85.313075,85.593345,85.7398,86.146215
19535,101.41951,100.900815,101.372545,101.41951,101.47627,101.52978
32185,110.29106,110.013135,110.256915,110.29106,110.32582,110.865625
32186,34.055305,32.513595,33.970245,34.055305,34.87676,37.86031
32183,148.95829,148.399655,148.950285,148.95829,149.23929,149.368
22047,83.391995,83.31507,83.36163,83.391995,83.417865,83.93946
17760,115.398825,115.296095,115.344515,115.398825,115.4745,115.85335
22042,101.72231,101.13644,101.40482,101.72231,101.770395,102.08704
12185,77.62022,77.17417,77.3224,77.62022,78.80119,84.226055
12184,100.82359,99.082185,99.43371,100.82359,101.011975,101.012375
12183,211.09497,210.996235,211.07635,211.09497,211.75617,223.17703
12180,33.55638,32.843255,33.32048,33.55638,33.71824,33.849575
26201,47.83132,43.80745,46.63667,47.83132,48.1834,52.16704
18554,120.05818,120.00194,120.038985,120.05818,120.083025,120.472475
2359,108.132118,107.966998,108.071446,108.132118,108.240406,109.15663
2352,118.59612,117.5862,118.122264,118.59612,120.634392,120.74652
2353,113.428247,110.29327,113.299991,113.428247,115.527191,115.687704
2351,106.895638,106.842646,106.891798,106.895638,106.897942,107.376405
2357,105.241365,103.736085,104.546325,105.241365,105.383445,105.557013
2355,105.621525,104.522517,105.512469,105.621525,109.349398,120.478488
21962,81.938615,81.799605,81.882705,81.938615,81.96574,82.24622
4572,98.0621,97.867028,97.973012,98.0621,98.103572,99.091219
21789,214.475815,214.422465,214.45263,214.475815,214.497165,214.984345
21783,142.314995,142.254085,142.26627,142.314995,142.345795,143.34069
21782,105.73936,105.415815,105.51077,105.73936,106.018945,106.469325
17694,126.170925,126.12065,126.140985,126.170925,126.17256,126.401585
3739,157.695775,157.616672,157.681184,157.695775,158.186528,198.980392
3737,10.017794,9.113089,9.968642,10.017794,10.197506,10.309634
3735,123.873049,123.697945,123.762457,123.873049,123.922969,124.511257
3731,127.694618,127.488026,127.54793,127.694618,127.718426,129.291289
2136,97.93538,97.87394,97.923092,97.93538,97.995284,99.051284
4922,195.353895,194.770215,194.805543,195.353895,195.371559,195.796264
4921,103.911957,103.824405,103.874325,103.911957,104.481813,104.597781
2135,93.426451,93.115411,93.253651,93.426451,93.543187,93.954835
2132,76.409871,75.778576,75.812368,76.409871,77.141776,78.03112
13585,61.351535,61.323655,61.32767,61.351535,61.352115,61.80703
4697,96.811796,96.796436,96.805652,96.811796,96.822548,97.427732
2138,110.498326,110.307094,110.34703,110.498326,110.643478,111.123478
2139,85.173521,85.088273,85.110545,85.173521,85.320977,85.452306
11722,89.53712,89.525545,89.53706,89.53712,89.636465,90.24923
11723,118.26878,115.57092,116.76885,118.26878,118.7934,118.920665
11721,94.50581,94.16843,94.207495,94.50581,94.505825,95.54081
14008,82.197235,82.1032,82.170905,82.197235,83.17005,90.80594
14004,80.379975,80.321245,80.36673,80.379975,80.50926,80.84211
20780,95.272765,94.51872,94.99802,95.272765,95.53002,96.516905
20781,10.10457,10.07565,10.08768,10.10457,10.14818,10.756555
17078,105.88342,105.38524,105.421265,105.88342,105.898915,106.16663
17079,111.27476,110.914465,111.17984,111.27476,111.373295,112.02814
20788,95.51684,95.4295,95.47175,95.51684,95.557855,95.971655
20789,121.355475,121.238845,121.259865,121.355475,121.44935,121.59173
17076,106.50874,106.09363,106.3081,106.50874,106.60226,107.49231
17072,103.62141,103.102275,103.583615,103.62141,104.527365,104.6287
11434,90.687765,90.56176,90.63578,90.687765,90.86781,91.422215
4776,265.088309,264.963125,264.973877,265.088309,265.578294,299.87334
2783,80.723728,80.709904,80.71528,80.723728,80.758288,81.444113
4777,113.246999,113.180183,113.181719,113.246999,113.251607,113.925143
34654,200.16802,199.823185,199.863755,200.16802,200.813615,201.143305
13643,87.577795,87.53364,87.553875,87.577795,87.67048,88.13529
4576,110.758678,110.720278,110.732566,110.758678,110.820118,111.82543
31951,99.38487,99.324025,99.335455,99.38487,99.586015,99.690975
14913,84.02883,84.002605,84.015195,84.02883,84.075305,84.526895
33320,162.153085,161.508555,161.916705,162.153085,162.27036,162.787945
14916,94.464085,94.26793,94.36327,94.464085,94.61702,95.176295
33325,106.66571,106.480785,106.564375,106.66571,106.772185,107.40331
34803,91.6224,91.02125,91.54162,91.6224,91.696215,92.053905
34801,90.47084,89.9017,90.42078,90.47084,91.427535,91.470435
34805,87.784215,86.87492,86.99789,87.784215,88.59812,88.86799
20565,106.6577,106.54519,106.615955,106.6577,106.738185,107.287135
20567,93.443735,93.4012,93.412825,93.443735,93.522125,94.157635
20560,113.59792,111.599345,111.889005,113.59792,113.734235,114.36254
20561,84.349775,84.33669,84.345775,84.349775,84.89071,86.96777
4306,89.22165,89.027346,89.05653,89.22165,89.886738,99.912212
32582,83.34441,83.094545,83.318535,83.34441,83.385275,83.768155
31959,111.968825,110.61663,111.741115,111.968825,112.80815,113.145995
31958,112.975085,111.878175,112.75599,112.975085,113.279985,113.46624
665,117.68604,117.672216,117.682968,117.68604,117.726744,118.720536
12159,78.04268,77.49206,77.508455,78.04268,78.965845,80.732335
11602,102.00686,101.92084,101.953395,102.00686,102.0099,102.33268
6305,93.438359,93.422865,93.429595,93.438359,93.531385,93.740056
15753,84.408725,84.278775,84.293255,84.408725,84.44732,85.198785
6307,80.994892,80.876529,80.987523,80.994892,81.030559,81.391352
14570,118.137705,118.048435,118.09066,118.137705,118.183205,118.678855
10609,145.517625,145.468525,145.496905,145.517625,145.54682,145.9691
29329,98.12995,97.73522,97.91394,98.12995,98.260145,98.54925
29458,115.63108,115.580355,115.59507,115.63108,115.68436,115.98631
29325,128.144205,125.45746,125.47206,128.144205,132.40123,135.326585
29327,91.746985,91.658925,91.7008,91.746985,91.86958,92.315865
29321,97.588055,97.370095,97.49014,97.588055,97.82157,98.44077
29323,102.69295,102.45604,102.567885,102.69295,102.915215,103.52438
11608,81.116075,81.06883,81.078485,81.116075,81.20924,81.551875
18250,81.629395,81.17066,81.616185,81.629395,81.67504,81.85008
33636,108.63189,108.47162,108.62406,108.63189,108.669745,109.06137
33630,146.735975,146.368355,146.54576,146.735975,146.946335,147.24932
18254,253.740155,253.04278,253.06844,253.740155,254.080385,502.589515
6302,85.487971,85.274618,85.408615,85.487971,85.513586,85.558523
33833,106.502215,106.186365,106.33374,106.502215,106.50308,107.46259
30674,92.162845,91.5683,91.67731,92.162845,92.222085,93.181885
30677,152.272575,151.75934,152.14116,152.272575,152.50638,152.87107
30852,88.41802,88.400015,88.41409,88.41802,88.616055,89.15426
14576,93.55731,93.39625,93.4717,93.55731,93.854995,93.90296
33831,100.84917,99.83077,100.340775,100.84917,100.899015,103.56899
24490,102.61537,102.46647,102.534055,102.61537,102.73233,103.9932
11059,104.35289,104.19278,104.27789,104.35289,104.5625,105.062795
10131,120.77169,120.747555,120.75663,120.77169,120.819095,122.1046
31672,117.813555,117.5653,117.802355,117.813555,118.03863,118.95843
31676,100.85395,100.82957,100.83387,100.85395,100.91175,101.304005
31674,105.683865,105.62164,105.676625,105.683865,105.76656,106.217615
30836,150.39027,149.88887,150.114325,150.39027,156.649055,241.166875
33465,111.27985,111.18478,111.202665,111.27985,111.603395,112.00765
15517,91.83005,91.75431,91.762235,91.83005,91.87229,92.193245
33466,88.77982,88.740485,88.763505,88.77982,89.07454,89.285875
34119,119.84945,117.80933,119.19634,119.84945,120.60944,120.80449
34114,153.430645,153.28563,153.424705,153.430645,153.83037,154.70013
34115,11.78511,11.36376,11.63465,11.78511,12.27749,12.98556
34112,97.152465,96.18123,96.37918,97.152465,101.264775,101.539765
11950,98.60814,98.161555,98.32053,98.60814,98.636605,99.24272
18460,94.80985,94.71404,94.73016,94.80985,95.59123,96.150135
32276,110.13871,110.03372,110.118515,110.13871,110.39543,110.499045
29698,111.801755,108.99194,109.92956,111.801755,113.258605,117.064295
19753,98.85251,98.78801,98.80297,98.85251,98.881085,99.591285
640,101.889812,101.746196,101.870612,101.889812,101.916692,102.456597
1243,34.142983,32.693767,32.838919,34.142983,43.243784,43.362057
1245,115.447319,115.025687,115.143959,115.447319,115.759895,180.834084
1244,119.226648,119.089176,119.22588,119.226648,119.271192,119.779608
1247,122.775577,122.639641,122.695705,122.775577,123.032089,123.492121
28329,111.8551,111.582485,111.69785,111.8551,111.867445,112.454015
28326,86.14674,85.630545,85.85016,86.14674,86.316135,86.81991
28327,102.907785,102.76597,102.776565,102.907785,103.286645,103.845635
28324,114.76425,113.14017,113.504415,114.76425,114.95436,116.58493
23144,120.98059,120.72798,120.922,120.98059,121.14946,121.20229
28322,96.411525,96.303885,96.410635,96.411525,96.43009,97.045325
23142,149.72945,149.56655,149.68822,149.72945,149.89586,150.115785
28320,104.517155,104.46246,104.48439,104.517155,104.573195,105.630715
28321,32.669,31.681675,32.448185,32.669,32.823475,33.238595
16217,118.100495,118.085645,118.08964,118.100495,118.10198,118.401095
19936,116.75588,116.583325,116.704045,116.75588,116.843975,117.51127
22237,97.152315,97.09796,97.10398,97.152315,97.63953,99.214835
22542,94.03275,93.908165,94.023215,94.03275,94.07106,94.392905
22235,189.515615,189.45966,189.46921,189.515615,189.51645,189.90389
4101,131.316506,131.11529,131.155994,131.316506,133.801755,140.33974
26439,88.439405,88.344775,88.43281,88.439405,88.85472,89.09842
31094,114.069405,112.882115,113.99531,114.069405,114.91569,117.84667
19934,102.08488,101.66062,101.821915,102.08488,102.235635,102.83445
4105,138.41206,138.160156,138.188572,138.41206,138.726172,139.371292
4104,104.745237,104.543253,104.589333,104.745237,105.244437,105.76975
4107,104.017941,103.394325,103.953429,104.017941,104.080149,104.269845
32053,103.179265,103.151255,103.15615,103.179265,103.609175,103.997225
31098,99.64403,99.59292,99.59749,99.64403,99.91369,100.31788
19931,27.815045,27.13588,27.74319,27.815045,27.851455,29.34033
24699,127.10598,127.049215,127.088065,127.10598,127.12416,127.612715
24697,81.553705,81.53789,81.54179,81.553705,81.56533,81.937785
19930,211.259775,211.18447,211.24232,211.259775,211.291075,211.96203
24690,150.969095,150.870805,150.889,150.969095,151.072895,151.376625
32409,115.61901,114.39737,114.43863,115.61901,115.814845,117.117235
3898,126.790681,126.620185,126.758425,126.790681,126.845977,127.043354
3892,126.133274,126.111002,126.124826,126.133274,126.147098,127.01033
28143,105.622725,105.250065,105.42987,105.622725,105.71335,106.4449
28140,89.59911,89.558765,89.59769,89.59911,89.61758,89.985865
32403,254.57725,254.5534,254.575965,254.57725,254.579435,255.114965
28146,261.79601,261.692115,261.748545,261.79601,261.97417,262.152245
32405,148.89191,148.488225,148.556265,148.89191,148.960005,149.03119
3894,128.272154,128.002586,128.174618,128.272154,128.459546,129.001754
3895,130.112282,129.948698,130.077722,130.112282,130.125338,130.175258
18418,101.747025,101.433495,101.456725,101.747025,102.323485,102.37346
18315,93.699885,93.58437,93.681825,93.699885,93.769335,94.28994
31899,97.61745,97.59175,97.60414,97.61745,97.62838,98.0752
31897,110.571575,110.408155,110.45308,110.571575,110.648955,111.648225
31895,95.26129,95.24047,95.255215,95.26129,95.298565,95.90551
11539,147.54838,147.371855,147.517595,147.54838,147.589125,148.245345
11533,98.72595,98.50464,98.51925,98.72595,99.09646,99.43991
11531,96.608335,96.22185,96.325115,96.608335,97.053905,97.193735
11530,96.404605,96.25671,96.35027,96.404605,96.40569,97.06421
11536,66.993655,66.94315,66.95358,66.993655,67.265115,67.324945
11535,70.27416,69.34887,69.938815,70.27416,70.98719,75.44465
15993,82.79492,82.590195,82.713985,82.79492,82.87284,83.042255
28538,113.55813,112.882355,113.0136,113.55813,113.73444,113.915055
3374,91.581715,91.560979,91.566354,91.581715,91.600915,92.054802
16165,16.648235,15.349325,16.35914,16.648235,17.38584,18.906705
25398,297.029795,295.51969,296.156265,297.029795,297.19543,297.520705
25019,98.551535,98.055735,98.371035,98.551535,98.58155,98.71299
34132,93.902345,93.858455,93.87599,93.902345,94.366635,94.841615
25011,171.654825,171.53915,171.64457,171.654825,171.77379,172.116265
13503,252.84498,252.833825,252.83961,252.84498,252.851745,253.497555
12116,63.549245,62.71993,62.84169,63.549245,63.755205,63.983365
17858,83.521155,83.483155,83.51303,83.521155,83.576515,84.018645
27341,122.19681,121.47448,122.01277,122.19681,123.061685,123.088365
27340,118.560645,118.36066,118.560645,118.59289
27344,118.009555,117.982575,118.000365,118.009555,118.067695,118.41251
18414,49.817265,49.53359,49.69319,49.817265,50.45006,58.42587
25272,89.95627,89.647635,89.9122,89.95627,90.096955,90.48833
25271,132.01344,131.879695,131.97586,132.01344,132.17701,206.500025
25270,86.00504,85.977395,85.9868,86.00504,86.03465,86.45269
31956,119.160935,118.48071,118.87464,119.160935,119.213515,120.179805
17261,120.85617,120.76833,120.812655,120.85617,120.90031,121.30166
6039,101.937311,101.712612,101.713277,101.937311,102.239838,102.339324
17262,103.767245,102.892635,103.369525,103.767245,103.82464,103.9225
6033,146.182629,146.12936,146.170776,146.182629,146.22607,146.692412
6032,116.123626,116.07886,116.105751,116.123626,116.159372,116.282354
6031,81.539773,81.361675,81.446701,81.539773,81.569003,81.750121
6030,120.716034,120.68531,120.709259,120.716034,120.884097,121.044641
6037,106.562875,106.366731,106.557075,106.562875,106.966791,107.144474
6036,117.579397,117.384614,117.487901,117.579397,117.629135,117.965241
6035,90.242567,90.210158,90.240663,90.242567,90.276242,90.66621
10061,99.845145,99.837835,99.843385,99.845145,99.854625,100.29081
10067,115.318065,115.28277,115.302705,115.318065,115.35246,115.794795
10065,93.61339,93.42158,93.61004,93.61339,93.62134,93.874835
2653,113.967383,111.492119,112.746262,113.967383,114.636311,141.713693
10068,115.17517,115.06462,115.067005,115.17517,115.196945,115.54015
2650,113.811479,113.152534,113.591063,113.811479,114.034199,114.289175
2657,92.993298,92.637715,92.851987,92.993298,93.819667,103.776789
2656,87.353874,86.817042,87.077394,87.353874,87.838482,119.430168
12372,248.02853,246.03903,247.05848,248.02853,249.639095,250.28818
12376,108.191235,108.17288,108.18033,108.191235,108.29878,108.696575
12378,85.495765,85.296595,85.40987,85.495765,85.532085,85.546915
33136,254.18479,254.11443,254.148485,254.18479,254.208235,255.187835
33134,132.29201,132.245485,132.25968,132.29201,132.6787,133.17709
35012,108.44876,108.36527,108.37366,108.44876,108.81963,108.90531
14381,99.558405,98.51269,98.891705,99.558405,102.022435,109.278385
33202,78.80442,78.75929,78.79033,78.80442,78.95554,79.20712
10286,46.74673,45.88884,46.61478,46.74673,47.451155,50.652625
10287,178.063025,177.967385,178.042025,178.063025,178.083515,178.803085
10284,64.115375,63.97969,64.089105,64.115375,64.26594,64.52834
1212,93.561619,93.466387,93.519379,93.561619,93.625363,94.113043
10281,105.81823,105.7058,105.721445,105.81823,106.84623,108.451245
24050,111.078675,111.008605,111.05242,111.078675,111.08385,111.684595
24051,106.77589,106.710235,106.718435,106.77589,106.80654,107.215305
21572,94.850685,94.81274,94.825875,94.850685,94.93688,95.416905
21575,114.74124,114.1075,114.46448,114.74124,115.27995,124.392105
21576,90.418455,90.386775,90.41061,90.418455,90.434145,90.95376
24057,112.54749,112.116655,112.53676,112.54749,112.931165,114.45493
21579,93.16068,91.18794,91.881455,93.16068,93.324795,95.066505
3560,100.786964,100.23938,100.750869,100.786964,101.554965,101.580308
3561,80.54248,80.279056,80.343568,80.54248,80.57704,80.843536
3566,32.737543,30.790662,31.673863,32.737543,33.855751,48.549129
3564,84.756497,84.603665,84.685841,84.756497,84.767249,85.284881
20402,93.86975,93.790655,93.86709,93.86975,93.883915,93.99793
4485,174.529572,173.584931,173.635619,174.529572,174.600227,174.70314
13397,48.682085,48.375885,48.55338,48.682085,48.87443,51.39273
13396,21.03112,19.97655,20.77929,21.03112,21.45342,21.572965
4480,122.463,122.039064,122.406168,122.463,123.604249,123.903769
4481,78.419729,78.339087,78.394385,78.419729,79.091728,90.994194
4482,91.020307,90.961939,91.008787,91.020307,91.115539,91.526418
13392,95.507985,94.84155,94.90254,95.507985,95.53027,95.54271
20995,92.66315,91.045895,91.865165,92.66315,93.076965,94.036335
20407,181.034295,180.70614,180.99992,181.034295,181.23884,181.695165
20991,103.07263,102.990045,103.014465,103.07263,103.159835,103.504655
2903,106.379541,104.997141,105.577749,106.379541,106.859542,107.255062
146,61.224204,61.194252,61.215756,61.224204,61.244941,61.6251
2901,102.863637,102.021141,102.306069,102.863637,110.346262,112.717847
2906,117.517848,117.273624,117.41724,117.517848,117.672216,117.810456
2905,116.981016,116.858136,116.94108,116.981016,117.005592,117.722136
147,97.650452,97.630484,97.645076,97.650452,97.849364,101.670933
704,102.046484,101.83682,101.914388,102.046484,102.12482,103.211541
705,111.629591,111.58351,111.616535,111.629591,111.668759,112.829207
706,96.98306,96.658964,96.84098,96.98306,97.164308,97.55906
2908,91.22229,90.069522,90.130194,91.22229,98.03522,111.194134
702,98.25026,97.951508,98.095124,98.25026,119.38332,152.90499
11880,97.531555,97.43161,97.48797,97.531555,97.542265,97.990865
14619,103.64734,101.29041,103.11501,103.64734,105.20192,105.89761
14618,98.574075,97.55058,98.41547,98.574075,98.63706,385.12368
11885,123.47902,123.46888,123.475525,123.47902,123.71423,123.91645
14614,94.069555,94.03283,94.04013,94.069555,94.07802,94.682145
33798,78.86269,78.349345,78.635955,78.86269,79.13723,79.6898
14613,90.2828,89.89441,89.951195,90.2828,92.136715,92.79345
20197,99.97284,99.785705,99.9446,99.97284,100.25357,100.739485
20191,137.635075,127.64767,128.485755,137.635075,138.28418,138.48172
20193,107.56803,105.98366,106.97688,107.56803,108.03818,122.710875
13022,246.939705,246.455475,246.758905,246.939705,246.98161,248.27234
13026,187.13601,187.10014,187.13272,187.13601,187.260315,187.773265
30110,105.66321,105.513195,105.569215,105.66321,105.747205,106.674295
13029,221.07704,219.506575,220.697105,221.07704,221.547545,223.125335
30113,123.16293,123.090325,123.094045,123.16293,123.34204,125.049
30114,91.545875,91.47014,91.52761,91.545875,91.65442,92.02757
30443,100.038675,99.44166,99.778205,100.038675,100.688955,100.95154
30440,95.54128,95.43235,95.45333,95.54128,95.76283,97.197915
31799,115.870825,114.236535,114.841745,115.870825,118.75745,121.7576
31798,85.251805,85.221305,85.24179,85.251805,85.27377,85.653845
31243,146.86765,146.69504,146.79173,146.86765,147.09117,147.80374
31242,278.65733,278.330225,278.33779,278.65733,278.98617,281.179535
31793,96.06788,95.936875,96.061675,96.06788,96.11615,96.710815
31240,81.20502,81.11445,81.12579,81.20502,81.32084,81.9957
31794,100.72305,100.513835,100.68582,100.72305,101.013645,114.400445
31796,114.574845,114.519005,114.557435,114.574845,114.584535,115.362335
33869,82.536035,81.86098,82.46687,82.536035,82.814265,82.953745
17875,146.59869,146.50302,146.525055,146.59869,146.85914,147.54248
18068,92.714255,92.69162,92.69797,92.714255,93.067505,93.631235
3150,96.924691,96.804883,96.903955,96.924691,97.088275,98.18882
3157,98.614292,98.537492,98.593556,98.614292,98.647316,99.181076
148,95.804948,95.78498,95.794964,95.804948,95.866388,96.490004
32554,84.303245,84.297205,84.301025,84.303245,84.62645,84.842265
28797,112.77994,112.774975,112.77909,112.77994,112.787515,113.33212
28796,108.492605,108.418245,108.464035,108.492605,108.54802,108.8275
11081,129.43513,129.403615,129.4235,129.43513,129.46741,130.014965
33862,87.4436,87.36888,87.41828,87.4436,87.47246,88.413765
17879,143.924645,143.888115,143.901205,143.924645,143.955275,144.384535
33867,119.89659,118.589055,119.492555,119.89659,121.788205,131.781675
33866,82.667385,82.43617,82.62212,82.667385,82.676985,82.93263
20220,202.40063,202.281245,202.359245,202.40063,202.42035,202.98675
20225,80.30637,80.27818,80.27971,80.30637,80.36901,80.909495
19068,105.79859,105.728825,105.731055,105.79859,105.84804,106.59236
27508,152.08812,151.71158,151.725805,152.08812,155.08703,169.788855
29842,121.41437,121.354885,121.37969,121.41437,121.515525,121.84808
30420,102.459355,102.05241,102.15521,102.459355,103.06026,103.976895
18474,97.483375,97.43289,97.471705,97.483375,97.601,97.855765
17300,102.11235,100.43049,101.814625,102.11235,102.59562,102.96314
27646,93.06632,92.669745,92.768985,93.06632,94.342195,94.56972
27640,100.81945,100.711425,100.787365,100.81945,100.89674,101.424885
32271,114.72788,114.657705,114.678425,114.72788,114.8378,115.168345
27642,103.6641,103.21991,103.27491,103.6641,103.774505,104.73666
23082,125.248655,125.20985,125.221465,125.248655,125.2487,125.83963
23083,66.23455,66.11164,66.2088,66.23455,66.251315,66.753815
23080,125.548325,125.34052,125.39961,125.548325,125.694395,126.143455
23086,97.9422,97.81876,97.921895,97.9422,98.363185,102.72467
27649,116.54669,116.269425,116.35471,116.54669,116.659945,116.98403
29215,112.89247,111.383665,112.190415,112.89247,114.91437,116.13257
23085,36.36715,36.086135,36.15021,36.36715,36.56305,37.07767
29154,92.86534,92.78075,92.803035,92.86534,92.902625,93.48022
29151,262.134545,262.00285,262.058495,262.134545,262.242115,262.65432
25860,61.15508,61.136285,61.139485,61.15508,61.17519,61.77737
29158,208.01968,207.765955,207.77501,208.01968,208.1399,209.60958
29159,82.972745,82.828305,82.839155,82.972745,82.990445,83.42133
23331,231.460325,231.410985,231.419765,231.460325,231.473545,232.36729
23880,113.986625,113.861565,113.93188,113.986625,114.605405,115.509705
23887,94.3949,94.327015,94.38068,94.3949,94.446045,94.77609
23884,107.30921,107.30195,107.30915,107.30921,107.3895,107.64049
23337,128.103895,126.143735,126.978515,128.103895,132.454845,140.431845
23889,97.5722,97.514965,97.571305,97.5722,97.59104,98.31756
34567,112.50859,112.43981,112.454255,112.50859,112.521795,113.436545
34566,114.147235,114.12001,114.130295,114.147235,114.25169,114.53168
34561,87.763605,87.49124,87.49819,87.763605,87.768965,89.434095
34560,150.484055,150.1146,150.35204,150.484055,151.641925,151.88698
34568,104.464825,103.3095,104.109845,104.464825,104.9032,116.231085
12578,26.21149,26.13929,26.20925,26.21149,26.24248,26.575275
12579,75.09606,74.057675,74.17703,75.09606,75.40761,75.49121
15253,147.38145,147.26181,147.353655,147.38145,147.411375,148.2127
12576,116.114815,115.553875,115.677375,116.114815,116.41813,117.342975
15257,88.918565,88.864705,88.8694,88.918565,88.9985,89.6438
31427,104.7435125,103.61761,104.712205,104.77482,109.34444
31426,75.63216,75.53066,75.56611,75.63216,75.655695,76.511575
31423,73.60938,73.31674,73.35767,73.60938,74.149765,74.42391
19080,63.45907,62.84974,63.06855,63.45907,63.524455,63.714455
16058,89.924435,85.542905,86.135255,89.924435,108.33989,185.364745
19084,187.14963,186.781065,186.8347,187.14963,190.5752,195.014125
16506,98.131975,98.01786,98.04371,98.131975,98.31353,98.978095
32217,139.946105,139.907315,139.915145,139.946105,140.041875,140.26737
32216,124.48996,124.3451,124.37526,124.48996,124.53401,125.019805
16503,97.400125,96.298615,97.0782,97.400125,97.94349,99.05519
16502,90.56466,90.525775,90.55953,90.56466,90.580365,90.947975
19733,95.786525,95.749385,95.75556,95.786525,95.794075,96.26119
16052,89.60997,89.58208,89.608075,89.60997,89.903905,90.443955
34234,83.031045,82.2499,82.71045,83.031045,83.52453,84.62099
22681,290.566605,290.40772,290.51799,290.566605,290.86617,291.737915
22680,85.863045,85.681145,85.84838,85.863045,85.924215,86.220385
12617,124.634185,124.61665,124.626415,124.634185,124.65378,125.078265
12615,122.43069,122.389035,122.414315,122.43069,122.51297,123.009055
14680,183.77832,183.679,183.68272,183.77832,184.297565,196.47178
12611,56.185135,56.11154,56.145175,56.185135,56.69871,60.167495
26597,80.50281,79.919385,80.468285,80.50281,80.518955,81.76599
26594,114.80733,112.91302,114.407885,114.80733,114.81792,122.52561
29959,297.19342,297.106315,297.11897,297.19342,297.269775,297.75141
24736,84.87574,84.83099,84.83608,84.87574,84.90393,85.48922
28834,82.85141,80.17365,82.49872,82.85141,83.25117,85.91733
29954,110.63,110.31175,110.533365,110.63,110.65559,111.409435
21019,247.24007,247.134945,247.180435,247.24007,247.287295,247.88861
19551,28.67507,28.280485,28.57064,28.67507,28.918195,28.998915
19882,100.904705,100.71413,100.88192,100.904705,102.34994,102.36775
19881,82.692365,82.5427,82.568595,82.692365,82.69295,83.5105
2301,95.309587,95.222035,95.279635,95.309587,95.331859,95.768852
19887,131.48669,131.40639,131.45199,131.48669,131.52289,131.98511
2818,98.112788,97.943828,97.961492,98.112788,98.946068,99.153428
22062,89.46054,89.37398,89.41692,89.46054,89.603135,90.03824
22065,80.900125,80.572075,80.58128,80.900125,81.133695,82.395475
22069,92.98168,92.94965,92.97237,92.98168,92.98841,93.43836
22068,114.4707,114.454925,114.4605,114.4707,114.908,115.04646
2330,112.434455,112.293143,112.379927,112.434455,112.445207,113.387542
13624,113.3881,112.647845,113.13957,113.3881,113.43262,113.91359
2332,108.393238,108.140566,108.354838,108.393238,108.480022,109.203478
4717,92.23221,91.623955,91.692307,92.23221,92.329747,92.557843
31931,113.563005,113.366305,113.52527,113.563005,113.69839,113.934565
13623,36.23709,33.687825,34.2821,36.23709,46.11787,49.36976
31932,110.21449,109.17211,109.80499,110.21449,110.798395,110.99613
2338,103.997973,103.954965,103.981845,103.997973,104.083989,105.43567
2339,104.985622,104.650006,104.92111,104.985622,105.06703,105.784341
31939,103.923285,103.782285,103.865175,103.923285,103.932935,103.956905
31938,81.954545,81.62587,81.68533,81.954545,82.15073,82.77198
25489,238.455375,238.422685,238.43256,238.455375,238.54215,238.85615
25481,114.98656,114.950555,114.98227,114.98656,115.00567,115.39155
25484,123.94894,123.89115,123.90911,123.94894,123.985905,124.57502
25486,137.159815,137.071825,137.086545,137.159815,137.25372,137.72383
14250,94.89028,94.592755,94.84358,94.89028,94.99527,96.412275
3715,6.741506,6.617858,6.683138,6.741506,8.213762,11.794178
3714,126.793754,126.696986,126.793754,126.793754,127.456538,127.48649
3717,126.316058,126.231577,126.295321,126.316058,126.33065,126.800665
3716,105.000213,103.132437,104.079381,105.000213,110.059798,113.157911
3711,127.164698,127.06409,127.080218,127.164698,127.508762,130.582298
3712,101.991188,101.634068,101.929748,101.991188,102.525717,113.514262
21905,31.064935,30.48196,30.791175,31.064935,32.05916,34.991645
17672,113.443835,113.35849,113.40973,113.443835,113.44911,113.5755
17673,120.82852,120.0841,120.814825,120.82852,120.86761,120.98548
2489,142.630684,141.717532,142.513948,142.630684,142.745116,142.817309
2486,85.394705,85.223441,85.365521,85.394705,85.550609,86.36853
2487,108.778007,108.742678,108.746518,108.778007,108.783382,109.226517
4903,125.413657,125.277721,125.299225,125.413657,125.438233,126.230042
4674,23.062277,22.878725,22.953221,23.062277,23.227397,39.704072
4673,135.873052,135.59734,135.793948,135.873052,135.882268,136.685595
2483,105.93103,105.018645,105.480981,105.93103,109.04911,109.107478
13561,65.577775,65.471655,65.558995,65.577775,65.86966,66.554205
11708,118.893895,118.86405,118.887925,118.893895,118.89713,119.29147
24221,87.955505,87.874295,87.90665,87.955505,87.96076,88.25785
11705,82.990295,81.913075,82.61009,82.990295,83.185005,96.551345
11707,108.79712,108.633345,108.712325,108.79712,109.157515,109.91339
11702,118.588635,117.90958,118.14928,118.588635,119.25224,121.729965
11703,94.331605,94.025935,94.25746,94.331605,94.785095,95.07992
32211,86.396805,86.34893,86.366835,86.396805,86.406975,86.76453
121,117.305112,116.799768,116.914968,117.305112,117.498647,117.895703
122,96.235795,96.142867,96.157459,96.235795,96.298003,97.047572
125,84.227345,83.099153,83.485457,84.227345,84.440849,84.460049
126,118.762008,118.712088,118.748951,118.762008,118.917912,119.308824
127,113.006614,112.19023,112.325398,113.006614,113.11951,113.273111
23012,207.8703,207.72599,207.86075,207.8703,208.06429,208.50567
17011,306.262355,306.042975,306.110985,306.262355,306.617225,308.749295
20761,137.031565,136.726025,136.895795,137.031565,138.982625,138.986965
28127,167.044555,166.74641,166.938895,167.044555,167.4684,167.93188
29006,14.023985,13.85981,14.008255,14.023985,14.04023,14.780885
3377,86.372369,86.317073,86.343185,86.372369,86.45685,86.972946
2307,117.82044,117.795096,117.815064,117.82044,118.084632,118.562328
1185,22.609925,21.59002,21.955589,22.609925,23.442437,23.868677
34828,96.13153,95.94518,96.002715,96.13153,96.178015,96.943375
34820,112.612405,112.300915,112.533825,112.612405,112.737415,112.81195
20503,174.650995,174.47232,174.50996,174.650995,174.883275,175.49898
34823,132.2903,132.045115,132.05643,132.2903,132.72171,133.728115
20506,85.572785,85.562325,85.563415,85.572785,85.631835,86.15533
16064,94.2077,94.175525,94.192775,94.2077,94.242055,94.725735
15731,106.7091,104.61327,106.60664,106.7091,107.72689,108.065455
15733,143.886955,143.85292,143.85772,143.886955,143.906215,144.29491
15732,152.73826,151.61704,152.050615,152.73826,153.048585,157.599635
15883,154.898595,153.237495,153.995675,154.898595,156.5374,156.742025
15734,113.07913,112.825065,112.98843,113.07913,113.300605,113.45274
15737,112.791985,112.29402,112.722025,112.791985,113.00916,115.71699
15880,94.60998,94.510905,94.565735,94.60998,94.91705,95.330125
10544,32.664575,31.998165,32.542795,32.664575,33.28332,37.75016
10540,31.0464,30.724125,31.02147,31.0464,31.432235,31.979365
10543,43.110305,41.869135,42.00905,43.110305,47.296165,58.236815
25598,100.71325,100.631695,100.669255,100.71325,101.12698,101.193215
29308,90.18022,90.14077,90.155325,90.18022,90.24816,90.640495
29306,109.955645,109.50243,109.715955,109.955645,110.041965,110.11175
33650,96.409285,96.299215,96.375225,96.409285,96.42017,96.909045
33303,102.988825,101.97695,102.04493,102.988825,109.85217,119.912645
14934,77.95124,77.749395,77.81032,77.95124,77.95448,78.54701
33657,170.30647,170.28508,170.301585,170.30647,170.30721,170.911605
18279,97.799645,97.75388,97.760655,97.799645,97.8066,98.43449
14285,88.31631,87.181325,88.218325,88.31631,89.789945,90.068565
18277,113.914085,109.90221,112.080015,113.914085,114.64383,115.285825
33309,107.837605,107.78267,107.83176,107.837605,108.349495,108.807115
18275,75.36413,75.16374,75.28731,75.36413,76.40892,79.75919
18906,155.52045,155.35553,155.358345,155.52045,155.562485,156.00306
18273,93.453945,93.428795,93.440065,93.453945,93.474365,93.93963
30540,175.74955,175.690175,175.720095,175.74955,175.76799,176.082375
30651,327.695315,327.51765,327.608775,327.695315,327.77761,328.0996
30650,104.50004,103.668795,104.24149,104.50004,106.83184,128.151115
34358,130.99438,130.1191,130.5952,130.99438,131.94664,140.066895
15088,107.46844,105.314495,107.17011,107.46844,108.19405,108.789895
30877,106.81981,104.997915,106.527965,106.81981,107.843315,108.811495
15086,28.87892,28.526715,28.83893,28.87892,30.55209,38.7446
30306,162.07537,161.78677,162.06478,162.07537,162.18563,163.596945
30301,30.00877,24.67447,26.650115,30.00877,30.481765,32.473025
34350,21.4291,21.40692,21.42833,21.4291,21.451495,21.91094
31686,102.046815,101.77047,101.98719,102.046815,102.141455,104.172855
31658,95.989425,95.90132,95.97455,95.989425,96.040135,96.548715
12279,123.368715,123.243065,123.34398,123.368715,123.39419,124.25397
31650,107.42723,107.346715,107.357315,107.42723,107.462845,107.981195
31651,94.34765,94.322005,94.32939,94.34765,95.21133,95.221745
31652,101.098205,100.86789,100.9285,101.098205,101.11994,101.951655
31684,107.6805,106.91235,107.06332,107.6805,107.929475,108.86894
31134,22.45277,21.476375,22.1575,22.45277,23.068245,23.68248
31137,173.823125,170.384525,173.51947,173.823125,178.93518,234.8625
34179,125.09308,125.03426,125.082915,125.09308,125.145625,125.879865
4242,129.841946,126.05033,126.654746,129.841946,130.515483,130.877979
34170,43.96146,43.214955,43.419505,43.96146,44.435935,44.712905
34176,20.32939,20.263945,20.315825,20.32939,20.40171,20.81096
34177,161.86248,160.729495,160.75154,161.86248,162.36862,162.703705
34174,106.515425,106.341945,106.365875,106.515425,106.633575,106.63524
32057,116.295635,115.710095,116.10652,116.295635,116.6597,116.80316
4240,100.237844,99.867668,100.073492,100.237844,100.540436,100.562708
31132,187.54729,187.48601,187.53773,187.54729,187.621905,188.392205
28304,112.399325,112.25507,112.31685,112.399325,112.4331,112.882885
11144,97.06516,96.131565,97.008895,97.06516,97.07025,97.19056
11145,86.41955,86.375415,86.419535,86.41955,86.430645,87.13371
28300,108.460845,108.25815,108.27458,108.460845,108.463685,109.315995
11140,101.66151,101.621265,101.634855,101.66151,101.716195,102.04941
28303,167.057835,166.613095,166.99171,167.057835,167.74521,168.24586
24505,94.242485,94.020605,94.15361,94.242485,94.363405,94.981985
11148,112.332515,112.2915,112.29468,112.332515,112.358145,112.866715
11149,101.73959,101.50207,101.61582,101.73959,101.92818,102.10142
6246,96.624212,96.576153,96.617647,96.624212,96.633436,97.171748
10740,85.060175,84.93575,85.04432,85.060175,85.30165,85.478395
1512,92.499475,91.977234,92.229906,92.499475,94.896403,100.145684
35088,101.864355,101.85115,101.863835,101.864355,101.96486,102.341565
13819,152.111835,151.919785,152.036395,152.111835,152.360845,152.917755
13816,93.95986,93.88285,93.89955,93.95986,93.98559,94.43855
35083,94.608535,94.54602,94.55194,94.608535,94.931705,95.261335
35082,97.74619,96.809475,97.12845,97.74619,97.87237,98.511255
35084,39.473985,39.02008,39.46578,39.473985,39.813485,39.93036
13810,262.81217,262.71604,262.726855,262.81217,262.84664,263.346085
28160,90.644255,90.311845,90.36806,90.644255,90.755995,91.04623
28161,125.29898,125.277275,125.285065,125.29898,125.314715,125.64173
19679,87.911,87.88255,87.894065,87.911,88.0267,88.093685
34684,85.670735,85.60206,85.63592,85.670735,85.70641,86.31629
34680,27.08478,26.47096,27.064165,27.08478,28.374535,34.212365
34681,18.77041,13.988205,14.560495,18.77041,20.788245,22.53998
34682,26.36833,24.64628,25.677425,26.36833,27.71459,30.155985
34683,97.21568,97.119835,97.173095,97.21568,97.31189,97.69469
34688,92.502685,91.56516,91.832625,92.502685,93.912505,95.171695
14846,25.125065,24.871465,24.904935,25.125065,25.272475,25.37589
35226,91.90399,91.85077,91.902395,91.90399,91.91281,92.513765
35221,54.38616,53.82376,53.91293,54.38616,55.03513,55.225245
18567,115.66361,115.519275,115.63754,115.66361,115.887505,116.043855
35228,8.733475,8.618495,8.63506,8.733475,8.80645,9.005925
11551,79.18227,79.164,79.165815,79.18227,79.22776,79.54567
11550,4.541035,4.006825,4.19706,4.541035,4.59151,5.00659
11555,134.25156,133.89332,133.960695,134.25156,134.27924,134.434245
11558,111.48227,111.430395,111.444525,111.48227,111.509625,111.71916
14667,99.15564,99.12899,99.140245,99.15564,99.41752,100.08226
16228,115.4306,115.42665,115.42849,115.4306,115.45706,115.97804
32680,133.746755,132.070315,132.647015,133.746755,135.44823,141.884005
32686,105.868685,105.071905,105.729585,105.868685,106.142135,177.379365
32687,163.98529,163.48439,163.542335,163.98529,166.884205,167.74531
32684,135.42763,135.02191,135.40291,135.42763,135.511485,136.564265
32685,91.419105,91.306305,91.30961,91.419105,91.422985,91.78344
32394,109.410615,109.094175,109.364595,109.410615,109.70645,110.38551
32688,79.03056,78.86024,78.98171,79.03056,79.04726,79.503235
32689,114.420355,114.322465,114.400525,114.420355,114.447815,116.124905
32395,295.682155,295.54024,295.659095,295.682155,307.37331,315.053075
22215,208.834555,208.27368,208.610225,208.834555,208.863035,209.669115
22216,244.431505,244.41143,244.42973,244.431505,244.46526,244.922995
22210,92.139605,91.73701,91.98446,92.139605,92.37499,102.904125
22212,84.62501,84.556205,84.56829,84.62501,84.706705,85.36963
19677,81.66822,81.56577,81.596445,81.66822,82.46773,85.59678
28515,128.120525,124.432265,125.1816,128.120525,128.34483,133.299915
16882,83.180195,82.977805,83.068665,83.180195,83.313075,83.41299
25074,86.549265,86.529365,86.543605,86.549265,86.600935,86.977955
32051,102.60777,101.53183,102.469295,102.60777,102.99413,103.186785
16883,89.10736,88.75388,88.96199,89.10736,89.57268,90.600335
25079,209.31914,209.27524,209.28736,209.31914,209.49405,209.791365
25078,121.253785,120.829605,121.039125,121.253785,122.29794,123.143125
19505,108.904165,107.801825,108.283265,108.904165,110.072795,113.022635
32175,114.714785,114.70811,114.713415,114.714785,114.721635,115.225805
27362,75.85089,75.24647,75.38637,75.85089,84.97832,93.58942
27360,99.58675,99.458815,99.53587,99.58675,99.640035,101.29808
27368,112.946445,112.82419,112.93303,112.946445,112.95201,113.30811
11016,234.7902,232.57472,233.42301,234.7902,235.23116,236.47624
25296,239.911295,239.872175,239.893905,239.911295,240.00142,240.404645
25290,228.880125,228.54012,228.55462,228.880125,228.98282,229.044055
25293,106.01221,106.003415,106.006085,106.01221,106.051555,106.55936
19946,68.10134,67.299985,67.50282,68.10134,68.34655,68.45431
32027,121.45406,121.011635,121.080565,121.45406,122.4182,123.015405
267,95.688979,95.632147,95.686675,95.688979,95.747348,96.278804
32023,126.53374,125.43237,125.8015,126.53374,126.66509,136.30649
32021,92.12056,92.062355,92.079495,92.12056,92.14409,92.758865
29425,83.500515,83.23328,83.456405,83.500515,83.516655,83.763315
269,91.845138,91.819026,91.84437,91.845138,91.87509,92.404243
268,138.720028,138.625565,138.645532,138.720028,138.739229,139.135516
16268,113.710445,111.466405,113.05587,113.710445,116.078125,132.33162
6019,84.43057,84.194504,84.334776,84.43057,84.525622,84.66157
17246,91.499315,91.42122,91.488925,91.499315,91.54735,91.85693
17244,80.626185,80.55594,80.566965,80.626185,80.662515,80.95479
17242,109.534915,109.35675,109.40138,109.534915,109.783175,110.084285
17240,85.093315,85.069115,85.072565,85.093315,85.11915,85.657015
10048,85.767885,85.59066,85.76744,85.767885,85.803425,86.40712
989,85.397777,85.264913,85.370897,85.397777,85.444625,86.339346
10738,97.90461,97.803435,97.881915,97.90461,97.956085,99.281055
10736,146.830025,146.017665,146.1456,146.830025,147.02651,148.037175
24115,105.240465,105.051135,105.15958,105.240465,105.359595,105.814545
10734,125.21145,125.1239,125.147145,125.21145,125.21921,129.20391
10735,78.48663,78.372215,78.39596,78.48663,78.616135,78.917885
986,94.418707,94.210579,94.286611,94.418707,94.480915,94.977811
10045,98.00381,97.831255,97.931135,98.00381,98.0138,98.05732
24114,85.37435,85.34511,85.36423,85.37435,85.53733,85.90616
18960,118.667905,118.54547,118.66121,118.667905,118.67831,118.98273
12392,85.806515,84.96709,85.119605,85.806515,85.974375,86.043785
26016,98.30808,97.3336,98.17274,98.30808,98.532285,98.738845
26015,87.623445,87.501225,87.50815,87.623445,87.66035,88.198285
21598,97.05651,96.88994,97.016225,97.05651,97.32718,97.87856
21596,102.442125,101.459225,101.625375,102.442125,102.89219,103.12297
21597,89.28572,88.75417,89.24237,89.28572,89.452935,89.522525
34535,104.341375,104.333475,104.33675,104.341375,104.370335,105.93384
22869,6.704735,6.66366,6.70185,6.704735,6.769915,7.14599
22868,106.345825,106.03139,106.20506,106.345825,106.43826,106.71927
3500,98.184212,98.134292,98.168084,98.184212,98.287124,98.619668
22860,21.13999,21.05297,21.137935,21.13999,21.199295,21.661055
22867,107.760635,107.717675,107.742175,107.760635,107.829995,108.098815
3505,86.032914,85.575953,85.912338,86.032914,86.135058,86.174994
3506,124.915225,124.767001,124.827673,124.915225,125.507353,125.860634
2677,109.500695,109.412375,109.481495,109.500695,109.509911,109.87471
2679,91.252242,90.39669,90.41205,91.252242,93.216018,218.453036
2678,82.841105,82.604561,82.648337,82.841105,83.171345,83.180561
2928,66.749965,65.997325,66.363661,66.749965,66.942734,67.287566
2922,145.489949,130.40489,144.943901,145.489949,150.483486,150.636318
2925,127.076377,127.011865,127.068697,127.076377,127.119385,127.451162
2924,121.658136,121.589784,121.611288,121.658136,121.674264,122.301721
2927,113.700119,113.666327,113.695511,113.700119,113.763095,114.554136
18599,63.46517,63.44872,63.456735,63.46517,63.48693,64.034865
14633,104.46128,104.382355,104.426115,104.46128,104.47594,104.88548
14631,82.417015,82.29826,82.4052,82.417015,82.85121,83.47043
18596,209.92232,209.882375,209.91787,209.92232,210.005755,210.906955
23196,115.37333,115.241545,115.279785,115.37333,115.471435,115.576685
14635,161.398945,156.003295,157.13946,161.398945,162.568405,163.383675
30465,97.49477,97.128625,97.24426,97.49477,97.66344,98.0107
30467,93.91926,93.518945,93.90585,93.91926,94.04752,94.92029
30460,110.11189,109.69339,110.106685,110.11189,110.452865,110.592915
30463,109.896875,109.706775,109.73106,109.896875,110.06425,110.34199
30468,124.150705,124.034045,124.1365,124.150705,124.188045,124.41853
13049,100.67633,100.503315,100.514185,100.67633,100.778895,101.290605
28410,94.45975,94.411635,94.444425,94.45975,94.500055,94.912765
13045,96.62698,96.53887,96.55753,96.62698,96.645405,97.80998
32259,32.30408,32.27328,32.296215,32.30408,32.31121,32.725185
33515,21.70826,21.604685,21.668145,21.70826,21.711615,22.456845
18041,151.84504,151.725995,151.82618,151.84504,152.33955,152.38217
33517,108.045875,107.946565,107.99883,108.045875,108.188155,109.34601
33516,95.27052,94.880625,94.926335,95.27052,95.699745,95.78314
33510,163.98763,163.46044,163.62292,163.98763,164.010675,164.30282
33513,226.320285,226.02913,226.09588,226.320285,226.34741,226.888315
18047,113.65535,113.624015,113.640775,113.65535,113.65849,114.169925
33518,93.318595,93.26018,93.266085,93.318595,93.436885,94.294395
33849,148.53489,148.23559,148.350465,148.53489,148.546965,148.606205
3178,110.23567,110.223382,110.225686,110.23567,110.85007,112.805399
17816,137.112,137.08712,137.10528,137.112,137.11536,137.42108
3170,107.28655,106.682134,107.233558,107.28655,107.360278,114.014998
3172,86.035986,85.274129,85.509905,86.035986,86.04597,86.183442
3174,96.804884,96.748052,96.759572,96.804884,96.870164,97.234196
3176,108.790294,106.61455,107.380246,108.790294,109.439254,109.757974
26231,109.107965,109.04544,109.078985,109.107965,109.18872,109.64121
30797,10.324705,5.901595,9.292405,10.324705,12.51266,13.313255
30795,94.370685,94.323915,94.33838,94.370685,94.547535,94.848195
30798,105.67355,105.621285,105.66312,105.67355,105.718105,106.493935
30799,104.045245,103.99127,104.010945,104.045245,104.18484,104.50285
20247,87.345115,87.26523,87.3286,87.345115,87.355195,87.627185
29822,223.977975,223.854395,223.93798,223.977975,224.433245,225.6235
29823,107.10958,106.160515,106.4734,107.10958,108.445765,111.35373
724,102.03266,101.853716,101.949717,102.03266,102.290708,102.471957
29793,137.808375,123.761835,135.41659,137.808375,171.410635,175.629765
722,103.442709,103.274516,103.365141,103.442709,103.513365,105.108501
723,104.434198,104.375061,104.398869,104.434198,104.510997,105.990165
29797,122.883645,117.665865,121.54655,122.883645,125.117895,126.48469
1164,62.458381,62.423053,62.452237,62.458381,62.977548,63.377677
21220,140.21741,139.99884,140.00077,140.21741,141.463945,142.01458
1160,17.362948,14.171907,15.148035,17.362948,17.964292,18.604036
21469,104.3539,103.610875,103.942145,104.3539,105.575555,105.922465
1163,24.248837,24.128261,24.168965,24.248837,24.735749,25.102853
23538,206.83812,206.665435,206.81212,206.83812,206.841665,207.590495
1169,5.230849,4.415233,4.591105,5.230849,7.809794,82.476305
22954,89.360665,89.25726,89.28919,89.360665,89.66839,89.89525
27622,84.884735,84.65058,84.766475,84.884735,84.88497,84.95451
27623,105.839315,105.64913,105.66077,105.839315,106.297265,106.37847
25845,246.885585,246.858585,246.87904,246.885585,247.381035,249.398585
1367,142.637597,142.493213,142.523933,142.637597,142.648349,143.205917
21227,138.5781,138.300065,138.344945,138.5781,138.58827,138.86715
31223,290.51602,290.471985,290.48814,290.5439,291.274125
1365,84.889361,84.735761,84.884753,84.889361,85.066001,86.473746
31225,147.8824,147.66558,147.71268,147.8824,147.90266,148.537135
29179,232.82719,232.74152,232.79622,232.82719,232.873015,233.332245
31228,240.24547,240.046535,240.205355,240.24547,240.409165,240.544475
29171,173.396005,172.5389,172.953625,173.396005,173.399835,213.23439
29173,84.98334,84.90922,84.9537,84.98334,85.12238,85.577435
29721,100.046075,99.91378,99.99058,100.046075,100.344675,905.002875
1360,93.063187,93.060882,93.060883,93.063187,93.087763,93.692947
796,99.919124,99.885332,99.896852,99.919124,99.946004,100.24706
27898,94.032495,92.282395,93.075235,94.032495,97.65675,98.196115
475,105.772822,105.643797,105.712917,105.772822,106.90255,165.511713
1381,117.196056,115.401239,115.919639,117.196056,124.196377,125.552666
12806,35.178115,34.60986,34.90793,35.178115,45.329525,88.75748
27199,112.72806,112.57941,112.622885,112.72806,112.805375,112.915395
34541,97.021425,96.40594,96.884425,97.021425,97.20469,97.27317
34540,93.98485,93.634575,93.645095,93.98485,94.59816,95.079555
12802,11.16228,7.202725,10.27275,11.16228,11.606555,12.580385
34546,122.46519,122.25167,122.257425,122.46519,122.55099,123.257425
12800,117.547545,117.43926,117.460035,117.547545,118.21399,118.467285
12801,77.395155,77.349385,77.383635,77.395155,77.47875,77.886455
34549,109.225415,109.16571,109.205735,109.225415,109.30214,110.39119
14730,111.934985,110.505005,111.696835,111.934985,111.979335,123.95752
27195,85.729695,84.1287,84.92735,85.729695,86.219445,87.07222
12808,136.16401,136.01314,136.14269,136.16401,136.16626,136.705205
12809,31.06344,30.95574,31.03833,31.06344,31.376915,31.548075
16300,100.879315,100.581835,100.77066,100.879315,100.999795,101.072705
1382,88.871443,88.551954,88.866834,88.871443,89.056531,89.207057
28842,151.882985,151.466135,151.61691,151.882985,151.981495,162.23902
28202,47.91732,46.94661,47.873015,47.91732,49.90102,50.235115
2916,106.089237,105.904149,106.066965,106.089237,106.148374,106.539286
19719,102.32469,102.276565,102.28238,102.32469,102.92086,103.4264
24509,106.529305,106.4496,106.46617,106.529305,106.54803,106.74883
32233,80.275805,79.993955,80.157685,80.275805,80.37749,80.385405
32232,79.868325,79.83701,79.849955,79.868325,80.408515,85.79795
19710,231.90672,231.847685,231.88938,231.90672,232.395075,234.171315
19717,26.305545,25.48124,25.98529,26.305545,26.45433,27.475535
16075,92.488025,92.02553,92.413815,92.488025,92.550555,92.710865
19714,83.122115,82.66519,83.02004,83.122115,83.173275,83.335995
2320,135.679516,135.615004,135.659548,135.679516,135.687964,136.336923
22669,219.446555,219.377395,219.43391,219.446555,219.54934,220.236455
22668,185.1873,185.084075,185.105695,185.1873,185.21756,185.565065
22665,219.02959,218.99643,219.010295,219.02959,219.07743,219.63018
2917,231.221038,231.036718,231.07051,231.221038,231.517487,234.091055
22666,213.45066,213.38665,213.41127,213.45066,213.58994,214.280515
10891,116.01811,108.70912,115.526045,116.01811,116.436995,123.92354
26576,92.711355,92.66489,92.701745,92.711355,92.711575,93.055195
10895,108.97345,108.78901,108.919385,108.97345,108.9944,109.211285
26572,65.550995,65.46011,65.50938,65.550995,65.699445,66.11315
13596,92.77062,92.56975,92.70598,92.77062,93.15612,93.2979
15974,197.76715,197.314825,197.641265,197.76715,197.983185,198.27194
22009,87.595115,87.33567,87.58391,87.595115,87.71607,87.860085
22001,138.74369,138.50804,138.73595,138.74369,139.0336,139.26337
22003,106.318215,106.12644,106.20731,106.318215,106.39849,107.308315
22006,100.98677,100.104365,100.25429,100.98677,101.01383,103.3492
31912,115.06337,114.891425,114.97582,115.06337,115.138285,115.652765
31917,114.726635,112.658495,114.674395,114.726635,115.602,116.515655
13606,78.13218,78.123395,78.123455,78.13218,78.173085,78.48319
13605,78.95542,78.88594,78.92489,78.95542,79.199245,79.22713
2319,174.317602,174.193955,174.280739,174.317602,174.963491,179.986212
2316,101.527316,101.421332,101.421332,101.527316,102.147093,120.68124
2317,95.589907,95.381011,95.504659,95.589907,95.616019,99.982868
2314,115.85436,115.755288,115.807512,115.85436,115.895064,117.488664
31918,210.5613,210.442675,210.45012,210.5613,210.57064,211.03376
2310,110.628118,110.36239,110.44687,110.628118,110.75791,111.485975
2311,83.750417,83.721233,83.741201,83.750417,83.759633,84.210449
17654,124.796765,124.648395,124.718815,124.796765,124.841675,125.562935
3772,147.356958,147.168798,147.196446,147.356958,147.676446,154.619167
3771,135.342363,135.327003,135.341595,135.342363,135.398427,135.838492
3777,110.833942,110.689558,110.701078,110.833942,110.87311,115.112472
4655,103.168533,103.014933,103.137813,103.168533,103.176981,103.995668
13547,35.440005,32.546455,34.92019,35.440005,36.771105,43.073425
4651,86.663442,86.570514,86.638866,86.663442,86.681106,87.237137
4653,102.059541,101.942037,101.993493,102.059541,102.088725,155.122975
17382,41.435185,41.300285,41.31401,41.435185,41.921525,42.52851
17381,102.78895,102.576685,102.62805,102.78895,102.80325,103.131465
4659,115.014935,112.523542,114.730007,115.014935,116.711448,118.636056
19577,83.07396,81.989255,82.069745,83.07396,85.772625,87.76268
11768,97.805865,97.40404,97.618705,97.805865,98.74598,99.882845
19574,245.504615,245.474755,245.499475,245.504615,245.60035,246.07767
19570,50.85716,50.794335,50.82053,50.85716,50.867885,51.57009
11760,167.358125,166.837445,166.85559,167.358125,167.52171,168.29888
11761,129.521515,127.617845,128.57425,129.521515,130.34855,130.636085
19579,98.676405,98.57367,98.593175,98.676405,98.767535,99.032255
11765,13.2638,12.864985,12.97558,13.2638,92.639355,141.475405
17030,94.72,94.526705,94.629605,94.72,94.83779,97.16387
17031,89.35401,89.021065,89.130935,89.35401,89.524865,90.03338
17032,109.68622,108.92738,109.646545,109.68622,109.83049,109.96251
20740,80.984415,80.49715,80.97449,80.984415,81.16856,81.56987
20741,110.837645,110.337315,110.495505,110.837645,112.762515,112.831245
20742,93.162535,93.121085,93.150595,93.162535,93.18667,93.61751
20743,104.749815,104.654465,104.664175,104.749815,104.85224,105.177115
17038,80.626025,80.417425,80.61359,80.626025,80.660055,80.750295
17039,82.96968,82.73671,82.904455,82.96968,83.061695,84.045415
20749,129.66706,129.638785,129.64007,129.66706,129.687775,130.29264
102,81.146128,81.11464,81.123089,81.146128,81.148432,81.760528
100,72.958479,72.949263,72.956175,72.958479,73.049871,73.519119
107,84.640529,84.456977,84.614417,84.640529,84.641297,85.072914
33947,81.04932,80.91316,80.930135,81.04932,81.057755,81.556415
11739,101.9137,101.86811,101.91337,101.9137,101.941675,102.48934
33944,133.44034,133.40213,133.411595,133.44034,133.46239,133.971205
2200,111.386902,111.323926,111.343894,111.386902,111.419926,112.027415
21290,90.348545,90.221455,90.3445,90.348545,90.39969,90.996915
21924,204.960495,204.78939,204.893705,204.960495,205.13847,205.634235
21295,92.725255,92.68682,92.71015,92.725255,92.77091,93.133275
21296,105.684385,105.661175,105.677205,105.684385,105.73287,106.851895
21299,89.957825,89.93076,89.947565,89.957825,89.97473,90.403175
33942,81.15753,81.08401,81.08824,81.15753,81.184625,81.61808
21928,94.188145,94.176455,94.178105,94.188145,94.24751,95.185025
20520,88.40825,88.327155,88.36832,88.40825,88.437645,88.88494
20522,68.52774,68.20588,68.441,68.52774,68.554685,69.49762
20523,125.20248,125.1285,125.16527,125.20248,125.214,125.70626
14446,182.470915,181.73514,182.26009,182.470915,184.38364,187.891275
20528,106.173075,105.257855,105.8189,106.173075,106.976265,109.417975
10386,16.885705,16.749405,16.84474,16.885705,17.146395,17.961915
10381,78.395415,77.827635,77.929795,78.395415,79.198615,83.924485
11013,124.26783,124.183435,124.232645,124.26783,124.289585,124.617845
16924,80.42115,79.74958,80.19575,80.42115,80.70644,80.926785
16923,79.020995,78.76716,78.86705,79.020995,79.63721,80.113445
16929,95.252775,94.75348,94.8947,95.252775,95.904385,96.03908
16928,81.904825,81.650685,81.79619,81.904825,82.123045,82.16779
12235,98.75953,98.617795,98.71951,98.75953,98.99535,99.286595
6205,0.754023,0.635117,0.693165,0.754023,1.063563,1.238117
6206,226.771114,226.692313,226.706798,226.771114,226.799917,227.209972
6207,0.792214,0.77365,0.79073,0.792214,0.819484,2.662647
6200,84.359673,84.336002,84.346157,84.359673,84.493568,84.757522
6201,62.115053,62.060213,62.094882,62.115053,62.118187,62.443472
6202,92.240839,92.16689,92.222279,92.240839,92.288483,92.749894
6203,123.917447,123.889882,123.891187,123.917447,123.966453,124.244167
12239,93.86045,93.75996,93.85202,93.86045,94.17318,94.40539
6209,90.794406,90.731895,90.742406,90.794406,90.794886,91.033401
15869,89.497945,89.362765,89.45374,89.497945,89.90314,90.571805
15718,38.084325,37.455605,37.77073,38.084325,39.391975,42.632375
211,112.743191,111.239446,112.537366,112.743191,112.920598,113.153302
15716,95.463205,94.94919,95.32368,95.463205,95.56507,95.632195
15861,102.35168,102.119115,102.142875,102.35168,102.377655,102.3887
15860,108.86985,108.384185,108.64143,108.86985,109.57585,110.15648
15710,87.7331,87.690185,87.70019,87.7331,87.73858,88.490665
10562,15.260705,14.65992,14.96391,15.260705,17.20932,17.554475
22985,101.195205,101.16918,101.177635,101.195205,101.288775,102.78135
10565,44.86721,43.26723,44.395085,44.86721,44.874615,45.151035
10564,52.33076,52.227215,52.32413,52.33076,52.39044,52.68988
29369,149.80789,149.656545,149.729885,149.80789,149.82981,150.267625
10568,22.151835,19.428955,20.806395,22.151835,23.22244,24.33556
24155,121.27473,119.97283,121.13163,121.27473,121.344135,122.54738
21434,100.339575,100.30128,100.31118,100.339575,100.343535,100.67844
21437,107.994155,107.95542,107.963205,107.994155,108.116125,108.3717
24150,84.37359,84.300385,84.316435,84.37359,84.407355,84.710705
21432,93.22792,93.16671,93.20561,93.22792,93.34918,93.725935
21438,92.13716,92.0752,92.114655,92.13716,92.653645,93.37626
3012,109.785622,109.413142,109.414678,109.785622,109.926934,110.181142
3013,104.957205,103.998741,104.845077,104.957205,107.112982,109.863958
18921,111.37201,111.329825,111.35703,111.37201,111.37529,111.922535
18920,111.567525,111.44335,111.444625,111.567525,113.844335,120.32243
33674,220.04465,219.82049,219.967005,220.04465,220.92139,222.28819
18925,123.983535,122.68248,123.12957,123.983535,124.15101,125.57522
18924,81.77828,81.719935,81.735155,81.77828,81.815895,81.980415
30639,293.58932,293.516615,293.582375,293.58932,293.646965,294.093715
32655,83.72257,83.481425,83.57523,83.72257,83.822,84.14446
30329,157.64458,156.41871,156.59018,157.64458,157.85011,157.88391
16670,107.48361,106.734665,107.10608,107.48361,107.68277,108.234915
30630,227.52814,227.483255,227.50199,227.52814,227.553945,228.150025
30632,90.707165,90.66738,90.695745,90.707165,90.713625,93.152265
30326,102.96966,102.261985,102.69465,102.96966,103.11809,104.258825
30637,101.809345,101.451385,101.6142,101.809345,101.90376,102.79193
30324,221.306795,221.15587,221.30098,221.306795,221.313745,221.912825
26808,120.54423,120.158205,120.337995,120.54423,120.57552,121.179415
26805,152.592095,152.18312,152.551215,152.592095,152.77052,153.278025
26804,148.24081,147.94338,148.066175,148.24081,148.266335,149.056975
26806,150.84557,149.673795,150.343045,150.84557,151.039075,151.50275
32302,104.368855,103.554345,104.105425,104.368855,104.582455,104.878805
33894,98.40093,98.307275,98.34577,98.40093,98.40216,99.846665
19372,61.31483,61.28836,61.310785,61.31483,61.341535,61.840905
18745,103.91434,103.606075,103.86019,103.91434,104.544905,105.46109
18744,106.944305,106.887545,106.887955,106.944305,107.0099,107.03773
34999,111.490085,109.36427,111.331685,111.490085,111.672795,113.75016
29581,85.92279,85.68744,85.894575,85.92279,86.30405,86.377075
33892,116.34748,115.868105,116.27673,116.34748,116.36046,116.478605
24520,94.48868,94.340165,94.39926,94.48868,94.561225,94.755595
24521,126.172275,126.089805,126.11737,126.172275,126.263305,126.44256
24522,86.99041,86.95975,86.979205,86.99041,87.05519,87.842485
24523,121.130195,121.05097,121.0959,121.130195,121.2504,121.37297
1284,81.196048,80.732176,80.802064,81.196048,82.169872,88.170258
34997,107.673895,107.62103,107.641645,107.673895,107.678175,108.369145
1281,106.328086,106.300438,106.318102,106.328086,106.358806,108.872469
1280,100.123412,99.482132,99.88994,100.123412,100.147988,100.593428
28364,85.3983,85.362045,85.383625,85.3983,85.41777,85.904485
30363,69.79862,69.589495,69.73225,69.79862,70.18557,71.527605
11166,95.00699,94.940435,94.947145,95.00699,95.02181,95.610435
28369,109.506975,109.50223,109.504515,109.506975,109.621835,110.232545
11162,116.416195,115.127185,115.168315,116.416195,116.500925,119.101945
11163,101.08659,101.05371,101.064535,101.08659,101.11809,101.56737
689,200.081704,199.68388,200.0218,200.081704,200.21764,200.66308
688,117.109271,117.096215,117.108503,117.109271,117.371928,123.546649
684,101.930516,101.842196,101.849876,101.930516,102.302229,106.100757
686,99.891476,95.430163,97.430036,99.891476,101.455892,102.970389
681,118.714392,118.651416,118.687512,118.714392,119.254296,119.38332
19526,254.545245,253.567515,254.528965,254.545245,254.677285,254.67915
682,115.473431,115.340567,115.399703,115.473431,115.882008,117.35964
13834,23.739585,23.609775,23.61843,23.739585,24.197,24.452595
13835,93.661585,93.650665,93.650675,93.661585,93.678355,94.16678
13837,94.205345,94.042445,94.17871,94.205345,94.207605,94.45479
12707,115.75597,115.401915,115.56674,115.75597,115.84859,116.486305
13832,100.327565,99.68417,100.18531,100.327565,100.5712,101.10328
13838,19.360005,16.83961,16.97213,19.360005,20.48795,23.424435
12874,99.99342,99.367705,99.763185,99.99342,100.128755,100.798995
12873,143.46714,143.446635,143.46251,143.46714,143.55988,144.08512
28186,138.478695,138.44258,138.477955,138.478695,138.490335,138.887075
28185,84.11624,84.03883,84.048295,84.11624,84.134985,84.38687
28180,140.871255,140.83149,140.853335,140.871255,141.328945,141.62385
28181,45.86606,44.667995,44.68531,45.86606,50.716195,54.91864
34150,160.52307,160.273,160.447235,160.52307,160.63932,162.92264
34152,83.707905,83.680485,83.694665,83.707905,83.71119,84.10225
34153,92.870055,92.04807,92.16736,92.870055,93.5217,93.6047
34154,131.344815,131.317915,131.33057,131.344815,131.349135,131.613045
34156,21.310445,21.12038,21.203865,21.310445,21.41906,21.96716
4180,118.524697,118.371097,118.488601,118.524697,119.091481,119.523096
34158,126.32669,126.20277,126.287445,126.32669,126.359485,131.76349
35202,95.556975,94.81031,95.236805,95.556975,96.822375,97.374735
4182,103.256085,103.047957,103.193109,103.256085,103.332885,104.441109
35207,50.2014,49.37058,50.07777,50.2014,51.46634,52.08952
32496,86.20138,86.160765,86.183225,86.20138,87.681655,88.597565
31540,86.96973,86.9069,86.92603,86.96973,87.080205,87.224725
35066,60.3056,59.313645,59.809665,60.3056,61.45404,70.033665
28987,112.394335,111.970635,112.133685,112.394335,112.46991,112.742755
23277,115.18336,113.97469,114.93608,115.18336,115.87096,115.95024
28985,103.72379,103.41281,103.4997,103.72379,106.51474,106.76188
23271,84.564355,84.469485,84.54428,84.564355,84.58648,85.007
34048,138.67459,138.58506,138.62442,138.67459,138.94237,139.10477
23272,101.36197,101.22894,101.361005,101.36197,101.518145,101.910085
11577,95.46701,95.393195,95.44846,95.46701,95.565065,96.085395
11576,117.46992,117.411365,117.42813,117.46992,118.180295,118.729495
4186,85.711889,85.684241,85.699601,85.711889,85.764113,86.355474
23279,149.885165,149.259955,149.419805,149.885165,150.24317,155.210005
11571,117.091915,116.73796,116.813555,117.091915,117.255735,117.950255
28989,96.43877,96.397045,96.430905,96.43877,96.720395,97.343255
19380,89.26727,89.22049,89.26413,89.26727,89.296545,89.846415
19383,74.96672,74.5781,74.75605,74.96672,75.30742,75.469095
22272,236.135855,235.47509,235.99909,236.135855,236.70273,236.995665
22276,161.532345,161.40963,161.43751,161.532345,161.536485,162.373835
22275,78.396835,78.29604,78.391595,78.396835,78.48575,78.890365
22278,80.35846,80.219995,80.235425,80.35846,80.429775,80.98496
22279,215.365915,215.250565,215.31688,215.365915,215.366105,216.545735
33339,27.86753,27.585125,27.795895,27.86753,27.882345,28.05094
25724,35.822645,35.448585,35.60792,35.822645,35.828115,36.549575
25727,96.442615,96.404845,96.421255,96.442615,96.487925,96.911615
25723,113.10497,112.734895,113.090675,113.10497,113.99106,115.03069
27388,114.597595,114.56017,114.58814,114.597595,114.695385,114.985115
27387,122.522275,121.919135,122.22324,122.522275,122.95544,123.39654
27381,108.164725,108.02991,108.124775,108.164725,108.28056,108.629805
27383,124.275025,124.245665,124.2611,124.275025,124.295065,124.797735
899,89.848338,89.432082,89.489682,89.848338,90.270738,93.489427
32573,59.39732,58.20656,59.011985,59.39732,60.63639,70.372835
244,126.842138,126.709274,126.802202,126.842138,126.944282,127.42889
31491,94.766005,94.52226,94.722925,94.766005,94.95389,95.17005
32008,105.80811,105.686515,105.76769,105.80811,106.30725,106.85332
19969,124.87096,124.758095,124.78844,124.87096,124.89535,125.38051
243,150.448926,148.774686,150.250782,150.448926,152.546335,152.669215
242,221.008172,218.939948,219.1619,221.008172,221.044268,222.636333
16716,90.245795,90.227885,90.24576,90.245795,90.535995,90.885195
32005,100.521015,99.79016,100.005435,100.521015,100.67193,100.94236
19966,23.17158,22.27015,23.004125,23.17158,24.00943,24.778785
19967,146.63387,145.262045,145.757305,146.63387,146.891515,147.81998
249,106.274326,106.149141,106.263574,106.274326,106.69135,112.339991
32001,307.142215,306.386845,306.867655,307.142215,307.180305,307.82048
16710,105.622165,103.141125,103.37458,105.622165,106.25703,107.2827
19963,69.755155,65.765225,67.713085,69.755155,97.31631,111.536135
22496,113.120825,113.09922,113.11746,113.120825,113.136905,113.44072
22490,152.153145,152.048735,152.08035,152.153145,152.174335,152.36967
22491,114.94816,114.5375,114.80473,114.94816,115.373865,115.921505
12001,110.070435,109.70465,109.744175,110.070435,110.69723,111.77676
26380,98.413785,97.90089,98.0023,98.413785,98.65381,98.79233
26389,115.331,115.27699,115.292075,115.331,115.36035,115.74232
24899,57.37634,56.390875,56.64228,57.37634,57.604135,58.56622
21609,112.94579,112.659305,112.900305,112.94579,113.212635,113.69545
21606,127.054965,126.961885,126.98851,127.054965,127.073665,127.511615
21607,225.91921,220.4767,223.403595,225.91921,226.88424,227.64542
24896,118.164485,117.816495,117.85445,118.164485,118.237735,119.11295
24897,98.81246,98.682795,98.773555,98.81246,98.91312,99.96856
24891,111.899555,111.493185,111.672265,111.899555,112.12188,114.36814
24893,103.967715,103.699885,103.725455,104.209975,104.37574
3699,81.533969,80.945681,81.109265,81.533969,81.881873,83.028496
3694,125.845273,125.824537,125.844505,125.845273,125.952026,126.34985
3695,97.070612,96.8333,97.003028,97.070612,97.350164,99.305492
3696,126.706202,126.594842,126.647066,126.706202,126.866714,127.270682
28093,113.78841,113.017995,113.31086,113.78841,113.95141,114.314265
26034,84.674325,84.507785,84.65484,84.674325,84.86452,85.21378
26037,89.04961,88.84623,88.90486,89.04961,89.25028,89.353795
26032,30.728555,30.56117,30.711815,30.728555,30.760025,31.70064
23014,88.489365,88.414085,88.44518,88.489365,88.625235,88.947985
24096,84.946105,84.84137,84.85592,84.946105,85.099705,85.287925
24093,84.7181,84.6348,84.63901,84.7181,85.029765,92.222865
22801,75.9537,75.411375,75.75733,75.9537,76.66361,76.71802
3527,97.438484,97.408532,97.433108,97.438484,97.473812,97.974548
3524,83.221265,82.721296,82.960144,83.221265,84.030737,86.888466
22802,56.292805,56.147335,56.28837,56.292805,56.40357,57.013665
22804,216.604575,216.56755,216.60078,216.604575,216.818975,217.45738
3520,95.004691,94.384915,94.795795,95.004691,96.667412,96.757268
22806,101.60955,101.567045,101.60912,101.60955,101.611685,102.286155
3528,144.303389,144.180509,144.284189,144.303389,144.501533,144.684317
3529,104.080917,103.554068,103.94575,104.080917,104.771349,104.846613
10717,161.39779,161.2051,161.32712,161.39779,161.621395,161.772775
2699,104.001045,103.560981,103.603221,104.001045,104.011029,109.854742
2698,84.574482,83.917841,84.271889,84.574482,86.136593,86.842386
2697,109.32943,108.762646,108.828694,109.32943,109.42543,109.455382
2695,111.089686,110.654998,110.768662,111.089686,111.438358,111.826966
2694,97.25954,95.849492,97.091348,97.25954,98.001428,98.056724
10718,155.069355,155.011815,155.043125,155.069355,155.11269,155.675965
2692,119.314969,119.190553,119.313433,119.314969,119.347993,132.58217
2691,84.880913,84.600593,84.669713,84.880913,85.291026,85.754129
14651,75.78795,75.6119,75.736595,75.78795,75.825235,76.424655
14872,89.815235,89.65168,89.70399,89.815235,89.92712,96.98815
3549,86.001426,85.806354,85.812498,86.001426,86.156562,86.773266
19511,103.109855,102.88804,103.035235,103.109855,103.2029,103.67369
13066,93.318615,93.315375,93.318565,93.318615,93.350875,94.050985
30400,88.01505,87.71944,87.94861,88.01505,88.19809,88.52379
30406,90.73333,89.90749,90.4866,90.73333,90.76922,90.82759
30404,137.968695,137.85386,137.899695,137.968695,138.08275,138.30969
30408,106.505525,106.40473,106.40644,106.505525,106.51807,106.96031
30409,88.890495,88.826935,88.857295,88.890495,89.026075,89.13483
13068,125.89895,125.871475,125.89116,125.89895,125.90843,126.141685
16363,113.424195,113.4004,113.40307,113.424195,113.429245,113.98687
25443,107.84716,107.36669,107.82455,107.84716,108.46788,108.47863
33532,102.213385,101.856035,102.095285,102.213385,102.406785,102.84722
33530,88.922495,88.73593,88.7739,88.922495,88.946325,89.150535
33537,111.76984,111.72736,111.75338,111.76984,111.779585,112.244575
33536,113.71379,113.684955,113.70315,113.71379,113.75822,114.191655
33538,86.920975,86.895075,86.90868,86.920975,87.03307,87.246445
20267,96.22696,95.975325,96.047775,96.22696,96.40128,97.46217
20264,87.05163,86.939105,87.00421,87.05163,87.072195,87.36315
27543,84.316055,82.84789,84.15546,84.316055,85.68762,87.0515
20261,108.251905,107.430185,108.02909,108.251905,109.013185,109.774795
27540,122.442885,122.37738,122.4126,122.442885,122.547065,122.885935
17830,68.967965,66.40136,66.621305,68.967965,69.33731,71.024195
17833,60.06819,60.04126,60.06477,60.06819,60.11223,60.54158
17837,251.378335,251.300545,251.34019,251.378335,251.744675,252.215855
29776,81.43474,81.379165,81.40272,81.43474,81.64003,82.024085
29775,115.926225,115.889885,115.89599,115.926225,115.94356,116.445075
29772,78.946525,78.86263,78.867335,78.946525,79.464355,82.16065
29770,110.587825,110.20775,110.48503,110.587825,110.8085,111.34532
29771,118.922125,118.756475,118.85618,118.922125,118.96201,120.21213
1145,52.131851,51.750922,51.935243,52.131851,52.219403,78.652433
1149,44.306697,41.22932,41.541128,44.306697,45.228297,46.357258
27608,90.857925,90.75348,90.829405,90.857925,90.895,91.45976
27601,117.20217,114.98792,116.791765,117.20217,117.989275,122.323925
27603,87.2036,87.12244,87.188735,87.2036,87.403915,87.44114
27607,80.708785,80.24163,80.647615,80.708785,81.159405,81.48029
2963,122.252569,119.876376,120.146712,122.252569,123.884569,123.987481
29119,162.166305,160.74657,160.803815,162.166305,163.81676,181.02974
31759,82.050045,80.90333,81.299175,82.050045,82.78366,83.104045
31758,99.879395,99.87226,99.874305,99.879395,99.886845,100.257685
31209,24.66729,20.73508,24.524715,24.66729,26.48316,28.67074
29112,39.342795,38.894235,39.284245,39.342795,39.773675,43.087675
31206,125.88678,125.86614,125.88006,125.88678,126.06001,126.192055
31757,117.235385,113.400215,115.739645,117.235385,119.475575,129.527705
31203,221.92341,221.873755,221.90291,221.92341,222.860345,225.8682
31750,97.19146,93.753325,94.261735,97.19146,100.296995,100.68121
31753,98.114035,97.789455,97.8484,98.114035,98.555065,98.61601
31752,89.842985,89.791865,89.80959,89.842985,90.156905,90.2371
29863,114.04648,114.008875,114.03363,114.04648,114.06309,114.79058
12829,84.745255,84.588865,84.602925,84.745255,84.7942,85.56406
34523,106.813005,105.697635,106.33568,106.813005,108.17719,112.155
15295,150.855225,150.741495,150.74817,150.855225,151.547375,151.81491
15292,82.444825,82.33822,82.362545,82.444825,82.448515,82.806955
12821,107.750985,107.227985,107.280935,107.750985,109.75655,123.152945
34526,110.4902,110.4169,110.455105,110.4902,110.557515,111.028205
26634,103.008335,102.70461,103.00694,103.008335,103.169855,103.64797
26635,90.48242,89.33883,90.082285,90.48242,91.39928,92.255575
12474,158.48837,157.51495,158.290635,158.48837,159.01464,160.08457
22399,155.59826,155.58593,155.58636,155.59826,155.655805,156.016795
22392,104.799345,104.74484,104.75092,104.799345,105.119325,105.28169
22645,239.631905,238.38128,239.34718,239.631905,240.922955,242.399725
22396,51.90579,51.424335,51.598975,51.90579,52.15839,52.244465
4283,85.203473,85.148177,85.179665,85.203473,85.223441,85.874706
4286,94.814995,94.771987,94.795795,94.814995,94.841875,95.599124
4287,108.112151,107.996182,108.005399,108.112151,108.610581,109.062167
4284,133.827867,133.806362,133.806363,133.827867,134.618907,136.518939
4285,111.601174,110.589718,111.447574,111.601174,113.238551,122.34396
26552,84.070195,83.828025,83.89809,84.070195,84.117535,84.375865
4289,88.481299,87.93141,87.995154,88.481299,88.657939,89.519634
28644,97.374185,96.75332,97.17016,97.374185,97.919905,98.04768
28641,120.23505,119.12004,119.710595,120.23505,120.235805,121.72992
28642,90.9704,90.917005,90.92334,90.9704,90.97086,91.616775
24770,84.482965,84.394895,84.401655,84.482965,84.55954,85.330715
28649,246.592895,246.553885,246.564915,246.592895,246.622605,247.21696
24774,84.66473,84.61249,84.650325,84.66473,84.702235,89.333635
22026,84.271265,82.84504,83.227175,84.271265,84.372405,84.40073
22023,95.563315,95.44442,95.522815,95.563315,95.62778,95.990575
22029,97.95393,97.9229,97.94923,97.95393,98.000375,98.58089
382,97.239572,97.20578,97.23266,97.239572,97.477652,98.178068
383,121.595928,120.715032,121.155864,121.595928,130.493978,145.424669
386,114.078743,114.064919,114.074903,114.078743,114.537239,144.956189
28892,85.18424,85.162825,85.167015,85.18424,85.1848,86.104735
13668,36.540585,36.51511,36.540365,36.540585,36.60135,36.961735
31971,93.111615,92.5414,92.69145,93.111615,95.543145,96.534525
4751,113.528855,113.483543,113.508887,113.528855,113.552663,114.041111
4752,236.37048,206.836266,236.37048,587.860342
31972,103.98765,102.96759,103.278195,103.98765,107.342355,108.187395
13665,118.5839,116.69355,117.682125,118.5839,119.179845,120.50538
4757,263.424053,263.384885,263.408693,263.424053,263.450165,263.950133
19771,97.29825,97.253935,97.266565,97.29825,97.319845,97.901895
19770,89.882525,89.82396,89.842715,89.882525,89.91159,90.18808
32253,154.832765,130.72617,153.074185,154.832765,291.49045,316.418785
16012,95.33547,92.431985,95.335425,95.33547,95.568015,96.065935
19774,82.826275,82.7736,82.81991,82.826275,82.86421,83.278935
19777,106.26409,106.226315,106.262785,106.26409,106.33905,106.66937
32256,105.416905,105.38312,105.41362,105.416905,105.426,105.926
19779,188.70603,188.57188,188.667175,188.70603,188.709785,189.650955
19778,78.61778,78.57358,78.602105,78.61778,78.65027,79.169365
11296,105.33097,105.10656,105.308965,105.33097,105.4122,106.350845
11297,164.067985,163.83304,164.018375,164.067985,164.42646,166.088215
17631,127.888805,127.51132,127.618985,127.888805,128.44697,128.451255
17634,43.694825,42.86444,42.94458,43.694825,44.330195,47.28692
3751,123.516697,123.234073,123.254809,123.516697,123.640345,137.393692
3753,51.085066,50.224138,50.971403,51.085066,52.263946,52.64257
3755,101.024276,100.758548,100.805396,101.024276,101.051156,101.392917
3757,125.959705,125.919002,125.955866,125.959705,125.965849,126.391321
3756,10.19213,9.15533,10.15373,10.19213,10.268162,10.268162
2190,85.648914,85.537554,85.548306,85.648914,85.724178,86.032913
2191,89.712402,89.381394,89.511954,89.712402,89.902098,90.349842
13520,55.76548,55.74049,55.75874,55.76548,55.81492,56.172555
4630,95.983123,95.927827,95.936275,95.983123,96.066067,96.41474
4637,119.226649,119.127577,119.185177,119.226649,119.242777,119.373336
2195,97.513748,97.4477,97.49378,97.513748,97.617428,98.510612
2196,90.551826,90.188562,90.222354,90.551826,90.584082,97.8509
2197,97.100564,96.948499,97.045268,97.100564,97.12898,118.881815
4639,81.695248,81.68296,81.689872,81.695248,81.705232,82.586128
4638,89.111058,89.09109,89.10645,89.111058,89.132562,89.859858
34123,109.334225,108.95872,109.144475,109.334225,109.951485,110.379785
11740,100.838715,100.687615,100.742505,100.838715,101.19474,101.40299
11742,86.044635,85.330255,85.8332,86.044635,86.602035,86.726665
11743,103.63373,103.57311,103.58647,103.63373,103.641085,103.838195
11746,107.846075,107.119745,107.407,107.846075,108.400745,108.42873
11747,21.71622,21.70435,21.707915,21.71622,21.71974,22.094585
11749,101.672555,101.626485,101.6566,101.672555,101.700615,102.051275
19599,76.212575,76.011015,76.209745,76.212575,76.42849,76.808835
19598,93.228595,93.19015,93.191285,93.228595,93.279855,93.755775
19597,106.679855,106.620145,106.654705,106.679855,107.018555,107.427965
19591,176.84953,176.623835,176.810515,176.84953,176.85775,177.330055
19592,271.870365,271.772055,271.82237,271.870365,271.87875,273.899205
20721,104.18284,104.17498,104.182585,104.18284,104.21327,104.714685
20896,264.48681,264.16812,264.264905,264.48681,264.63182,264.99504
13299,236.189595,228.88385,230.94589,236.189595,237.02346,252.5835
169,108.033046,108.019222,108.02383,108.033046,108.059158,108.754966
165,150.022686,149.819934,149.928222,150.022686,150.895903,151.014174
167,106.525462,105.958677,106.50319,106.525462,109.83631,120.179736
162,126.269209,126.254617,126.257689,126.269209,126.281497,126.678554
13297,98.177755,96.69318,97.706535,98.177755,98.190325,98.255835
2041,95.491603,95.416339,95.481619,95.491603,95.609875,96.481556
6194,81.032312,80.96661,80.99282,81.032312,81.066184,169.357319
6195,83.753028,83.701201,83.721075,83.753028,83.769567,84.101332
6196,24.832584,24.773846,24.799241,24.832584,25.183702,25.421993
6197,89.887654,89.82781,89.86824,89.887654,89.950318,89.958257
6191,208.324623,208.27472,208.306269,208.324623,208.423696,208.678449
6192,109.926489,109.903708,109.911993,109.926489,109.928249,110.10077
6193,98.441987,98.416237,98.438268,98.441987,98.493557,98.961116
6198,137.634785,137.604895,137.621254,137.634785,137.672365,138.111255
6199,112.861133,112.838792,112.852247,112.861133,112.864763,113.408615
13457,102.132695,100.662605,101.49673,102.132695,102.80511,106.537
2735,105.075477,104.926485,105.020949,105.075477,105.487893,105.75439
2736,116.570903,114.379031,115.563287,116.570903,118.679064,119.347224
2737,109.466902,108.576022,108.708886,109.466902,111.227158,111.824663
31946,108.587005,108.36723,108.4128,108.587005,108.615955,109.185285
2732,98.20802,98.012948,98.148116,98.20802,98.337812,99.263252
2733,93.175315,93.146131,93.160723,93.175315,93.192979,93.791251
20092,243.602825,243.4047,243.53014,243.602825,243.62397,244.216975
2739,98.800148,98.506004,98.661908,98.800148,98.985236,100.439828
20096,308.41579,308.101895,308.14845,308.41579,308.424105,309.00354
10369,40.18925,40.177885,40.18754,40.18925,40.18958,40.476255
13659,106.53246,106.142765,106.274895,106.53246,108.177115,111.00885
10360,35.76089,35.03193,35.689365,35.76089,35.884395,36.260825
10362,21.691835,21.629145,21.67615,21.691835,21.711735,22.069755
16902,93.971355,93.931985,93.97099,93.971355,93.998025,94.64792
16900,9.00453,7.78164,8.01142,9.00453,9.636545,10.862495
16909,30.72089,30.014235,30.62168,30.72089,30.83869,53.1882
11967,64.798275,64.656195,64.67711,64.798275,64.86054,65.400775
6222,11.41509,11.251984,11.412585,11.41509,11.428809,11.753256
6223,8.544365,8.452959,8.50263,8.544365,8.696047,9.074457
6220,81.263315,81.162303,81.247091,81.263315,81.402992,81.807272
12210,181.587225,181.32243,181.345675,181.587225,181.79697,182.43142
6226,196.572535,196.517515,196.542363,196.572535,196.595515,196.921288
6227,94.094388,93.79599,93.942624,94.094388,94.140424,94.323898
6224,205.667033,205.640432,205.652112,205.667033,205.683032,206.157555
6225,98.919924,98.770877,98.831907,98.919924,98.952467,99.004918
12219,101.913845,101.88249,101.89526,101.913845,101.9157,102.150605
6229,62.519117,62.501166,62.502897,62.519117,62.581485,62.999088
31267,102.671255,102.196825,102.55867,102.671255,106.549295,111.143745
15845,89.522755,89.433675,89.480475,89.522755,89.580115,90.189445
15844,47.591205,47.30218,47.52647,47.591205,47.66819,48.3151
10509,191.8826,191.856,191.87613,191.8826,191.92193,192.65848
29349,105.894445,104.457285,105.808595,105.894445,106.86857,107.478675
29348,100.85388,99.562795,100.0203,100.85388,101.19122,104.223865
10501,74.81735,74.80097,74.814105,74.81735,74.8581,75.189355
29345,113.71421,113.12458,113.18728,113.71421,113.848555,116.75197
10502,86.20291,86.196835,86.19831,86.20291,86.22924,86.60897
29343,87.07978,86.68144,86.90306,87.07978,87.16839,87.20705
10507,58.43979,58.417425,58.42318,58.43979,58.46836,58.91142
31916,111.221085,110.984325,111.17895,111.221085,111.22989,112.35841
18940,98.816825,98.00822,98.60826,98.816825,99.353265,99.83129
18943,111.419995,111.32965,111.334475,111.419995,111.42804,111.819305
18942,112.08675,112.05699,112.083855,112.08675,112.10964,112.440805
18945,108.80442,108.791215,108.800255,108.80442,108.812465,109.23928
21416,95.688545,95.648905,95.680855,95.688545,95.74086,96.017915
18947,72.888035,70.052085,72.62831,72.888035,73.05903,75.580615
24174,111.73116,110.407745,110.88181,111.73116,112.07675,116.339205
18948,122.099155,122.041875,122.065505,122.099155,122.36988,122.91492
24179,94.19717,94.022095,94.05155,94.19717,94.22678,94.95033
803,105.192981,105.048597,105.159957,105.192981,105.227541,105.752086
802,86.787858,86.469905,86.668818,86.787858,87.058194,88.114194
801,44.196105,44.028681,44.149257,44.196105,44.239881,44.565513
807,117.688344,117.49404,117.579288,117.688344,117.802008,119.073816
33804,104.46448,104.337775,104.44801,104.46448,104.49343,107.250345
26828,101.933945,101.82919,101.860915,101.933945,102.001605,102.551685
26823,179.035145,178.494205,178.70293,179.035145,179.052745,179.232955
10145,122.59204,122.452965,122.456375,122.59204,122.676975,122.873615
26821,96.896675,96.72492,96.752705,96.896675,96.976265,97.78701
14586,87.011605,86.288955,86.99861,87.011605,87.53281,88.04729
33478,90.782525,90.69629,90.77373,90.782525,90.80622,91.45788
19749,68.678805,68.500045,68.658425,68.678805,68.78501,69.311995
14130,114.87821,113.563995,114.467675,114.87821,114.905785,115.783805
33477,94.51514,94.10882,94.44912,94.51514,95.033465,95.58807
18015,109.872235,109.838455,109.84854,109.872235,109.89892,110.199605
33474,90.887495,90.69464,90.806455,90.887495,91.42397,91.60049
2978,88.293138,87.744018,88.154898,88.293138,88.322322,89.130258
23394,242.546365,240.186755,241.6685,242.546365,243.28714,244.589475
33475,82.18468,82.015915,82.070465,82.18468,82.39047,83.664755
11942,90.07901,90.065225,90.076605,90.07901,90.135265,90.61113
28439,110.67256,110.4226,110.57745,110.67256,111.48403,111.56604
18364,120.93706,120.90293,120.92516,120.93706,121.02396,121.1879
18366,85.340735,85.239475,85.27123,85.340735,85.50701,85.869925
18361,99.678125,99.59107,99.63258,99.678125,99.911725,100.546645
14136,100.63876,99.90589,100.59889,100.63876,100.643665,101.10559
24544,89.15351,89.043775,89.089345,89.15351,89.21886,89.75306
18369,224.434845,224.309475,224.33786,224.434845,224.44649,225.003515
28348,123.114275,122.251845,123.110285,123.114275,123.287895,298.494895
11108,101.9794,101.79704,101.86225,101.9794,102.41227,102.433105
3038,80.375056,80.2084,80.265232,80.375056,80.378128,80.697617
3039,86.267154,86.108178,86.247186,86.267154,86.449938,86.82165
17990,94.81732,89.60015,91.22433,94.81732,94.85534,95.86558
28340,45.25075,42.17129,42.65465,45.25075,46.438595,53.4892
11103,122.134455,122.11725,122.11985,122.134455,122.21425,122.661865
28434,199.067095,198.8747,198.960545,199.067095,199.201655,199.95404
28435,111.82144,111.703885,111.749955,111.82144,112.19082,113.26348
28344,170.26412,167.58622,170.25638,170.26412,171.397075,181.18949
11104,104.182565,103.99485,103.99927,104.182565,104.41243,104.47397
14465,264.145585,264.01817,264.116085,264.145585,264.16845,264.604395
30616,115.717515,113.75335,114.564135,115.717515,116.19659,123.38671
30343,165.62079,164.542525,164.9492,165.62079,166.580765,168.11323
34311,42.45662,42.14289,42.337285,42.45662,42.699415,43.55125
34316,167.457875,167.215065,167.299365,167.457875,167.54618,167.76993
30612,201.978775,201.4521,201.96409,201.978775,202.120185,202.99127
30610,138.137215,138.12018,138.12327,138.137215,138.138265,138.90795
34318,25.21277,22.24151,23.84491,25.21277,27.30536,29.254055
30618,96.980155,96.947325,96.956295,96.980155,97.031035,98.037205
31567,91.368795,90.905985,91.30572,91.368795,91.376115,91.39477
31564,84.23707,84.138595,84.16392,84.23707,84.35941,84.871435
13851,84.340185,84.27058,84.317185,84.340185,84.35142,84.75295
35049,27.017795,26.2633,26.94996,27.017795,27.22986,28.088815
13857,156.8276,156.607475,156.61324,156.8276,156.908165,157.468135
19257,83.938335,83.812735,83.85919,83.938335,83.99117,84.454235
35047,106.34263,105.944435,106.106,106.34263,107.2129,110.40231
13859,115.19977,114.918155,115.13058,115.19977,115.545275,116.197215
32734,133.063525,132.85877,133.00624,133.063525,133.138725,162.83671
35042,112.141345,110.609035,111.36626,112.141345,112.351095,112.696045
19255,83.41404,83.291235,83.35281,83.41404,83.572755,83.73748
19252,34.838545,34.608915,34.625335,34.838545,35.38884,41.74804
19925,205.515515,205.38849,205.495925,205.515515,205.617505,206.197165
32730,104.28111,100.482945,101.67501,104.28111,106.064135,110.02961
32731,107.55549,107.51525,107.52815,107.55549,108.029085,110.117
32130,113.57935,113.518845,113.56148,113.57935,113.595635,114.10623
32048,101.463595,100.463385,100.956425,101.463595,101.478625,101.81191
33072,99.82164,99.722805,99.797365,99.82164,99.872635,100.562125
19301,119.25836,119.220985,119.2541,119.25836,119.263625,119.83349
35260,15.143755,14.401255,14.46255,15.143755,15.444525,16.042695
32131,127.90437,127.05269,127.116305,127.90437,128.076935,128.11896
35267,234.166655,233.956795,234.05874,234.166655,234.20144,234.819345
23252,78.16329,78.159195,78.16084,78.16329,78.51647,78.60129
32738,108.492865,108.20388,108.443985,108.492865,108.84555,109.675635
23254,87.38077,87.316225,87.36787,87.38077,87.951465,88.046545
23258,130.81901,130.755955,130.775045,130.81901,130.87475,131.48306
23702,105.503195,104.78564,105.378915,105.503195,106.54327,114.87794
12454,102.356335,102.228675,102.29813,102.356335,102.435975,103.082815
30967,104.01386,103.76292,103.953565,104.01386,104.146695,104.423545
30966,108.606505,108.39457,108.57131,108.606505,108.87946,109.18149
12451,82.341205,82.2501,82.32896,82.341205,82.352525,82.92596
30960,84.657545,84.28027,84.509805,84.657545,84.748475,85.204945
30962,108.1917,106.359845,106.55226,108.1917,108.282615,114.737895
32132,113.192445,112.793905,113.04269,113.192445,113.419625,114.241365
12459,8.31593,7.25679,7.7981,8.31593,11.871545,14.31107
22258,125.4717,123.645505,124.161255,125.4717,134.39498,160.22633
21720,86.60665,86.591345,86.604895,86.60665,86.673725,88.0048
22256,87.495345,87.435265,87.47823,87.495345,87.546705,87.892285
22257,86.719635,86.665425,86.698495,86.719635,86.783705,87.25268
25703,95.59807,95.558875,95.59183,95.59807,95.71179,96.276505
18853,105.57756,105.510025,105.55268,105.57756,105.85495,106.108705
10311,39.27262,39.22335,39.27155,39.27262,39.317485,39.699505
16734,91.365915,91.097405,91.134585,91.365915,91.44281,91.90687
16735,129.767885,129.750205,129.75159,129.767885,129.81246,130.228805
16736,111.013675,110.5602,110.919335,111.013675,112.272275,112.77408
16737,89.1581,89.13254,89.13407,89.1581,89.25743,90.1233
16732,101.02594,101.01054,101.01429,101.02594,101.03797,101.550725
12025,99.20304,97.826505,98.66919,99.20304,99.51156,99.771325
32068,106.957865,106.925615,106.945135,106.957865,106.990805,107.53187
32069,116.81304,115.029365,116.53501,116.81304,117.11068,118.17455
12020,108.74151,108.461745,108.67135,108.74151,109.089545,110.42675
12022,77.607295,77.51202,77.594925,77.607295,77.636975,78.030855
12023,104.62937,104.57868,104.61801,104.62937,104.63755,105.613075
32062,93.23082,92.960645,92.992915,93.23082,93.266905,95.24411
16223,116.1532,116.12758,116.134425,116.1532,116.1611,116.51682
32061,165.598295,165.554275,165.55737,165.598295,165.7663,166.447895
32066,108.248505,108.0027,108.22834,108.248505,108.787935,111.787385
19907,18.11891,17.823075,17.91145,18.11891,18.62915,19.178365
32064,99.79261,99.250905,99.560405,99.79261,100.0187,100.497525
32065,169.492145,169.13139,169.310415,169.492145,169.59955,169.84509
21625,199.53093,198.992365,199.283915,199.53093,199.681445,200.38297
2509,208.752426,206.724906,207.250986,208.752426,208.96977,213.927211
2506,107.993878,107.447062,107.78575,107.993878,108.595989,109.013014
2504,97.55906,97.542932,97.553684,97.55906,97.717268,98.274068
26056,86.37024,85.287165,86.11553,86.37024,87.004565,96.02864
26057,114.72398,114.191555,114.61034,114.72398,115.38553,115.9731
26055,82.627035,82.58564,82.591935,82.627035,82.951275,83.32688
17174,91.639505,91.589775,91.61165,91.639505,91.69733,92.059915
22828,153.901765,153.89727,153.89916,153.901765,154.74342,158.48903
22824,84.99205,84.80044,84.94287,84.99205,85.029245,85.78611
22820,196.69894,196.610675,196.688895,196.69894,196.736585,197.22195
10772,109.34076,109.12798,109.296165,109.34076,109.423295,110.073595
10770,94.506905,94.482205,94.50663,94.506905,94.54249,94.982275
10777,109.05574,108.993475,108.994805,109.05574,109.14347,109.523855
10774,112.50182,112.459365,112.49483,112.50182,112.5315,113.055415
33080,29.81051,29.643375,29.726115,29.81051,29.81121,30.179455
11828,104.620945,104.474605,104.48197,104.620945,104.859655,105.816295
33085,271.54392,228.945405,246.21564,271.54392,277.338335,326.72253
33084,179.714715,179.3002,179.48642,179.714715,179.816225,180.49426
33735,133.196775,133.00873,133.11645,133.196775,134.21521,134.289225
14676,83.65228,83.523145,83.621355,83.65228,83.73933,83.827615
33737,117.90117,117.85098,117.86221,117.90117,117.91471,118.42605
11820,108.140095,108.12102,108.12974,108.140095,108.23702,108.561935
14671,95.611965,95.58827,95.60463,95.611965,95.75115,96.392965
14670,97.99773,97.896355,97.94523,97.99773,98.207535,98.370725
21865,75.385435,75.082075,75.18194,75.385435,76.04293,76.817075
23172,92.50951,91.82678,92.31517,92.50951,92.77791,93.298525
21860,226.69797,225.79243,226.23437,226.69797,227.70986,228.210995
13085,96.59246,96.23327,96.583065,96.59246,96.874225,97.05035
30421,146.244595,146.195065,146.20658,146.244595,146.329825,146.633415
30423,145.827285,145.778285,145.822655,145.827285,145.840735,146.752295
30424,83.565765,83.54075,83.551385,83.565765,83.606535,84.027475
13080,29.179465,29.091615,29.093595,29.179465,29.2123,29.609495
13083,95.409695,95.16992,95.254615,95.409695,95.519605,95.597375
13082,126.95304,126.894325,126.92163,126.95304,127.00421,127.475015
23171,95.37068,95.33518,95.365395,95.37068,96.279465,107.444215
1520,120.41244,120.2166,120.301848,120.41244,120.672792,121.211928
28486,104.717055,104.544115,104.547175,104.717055,105.141615,105.831035
33889,101.94278,101.660585,101.722365,101.94278,102.165365,102.565775
33888,92.56158,92.477665,92.558605,92.56158,92.98769,92.989495
18771,251.30561,251.059925,251.27874,251.30561,252.324405,253.330885
33555,91.27367,91.159995,91.16882,91.27367,91.619475,92.16721
33886,95.75792,95.362605,95.49849,95.75792,96.28158,96.489755
33557,109.64277,109.34819,109.55087,109.64277,109.92857,111.683085
33884,120.972925,119.69314,120.355195,120.972925,120.997725,121.14396
27833,121.80737,121.619735,121.71898,121.80737,121.8235,122.08054
27837,100.737285,100.42031,100.559835,100.737285,100.85168,101.557855
28334,120.13663,119.442255,120.0023,120.13663,120.221515,120.730255
20282,66.403265,65.670015,66.132365,66.403265,67.71198,70.11177
29754,121.84979,121.770325,121.831145,121.84979,121.87327,123.07811
10194,41.102855,33.867555,36.530655,41.102855,43.87091,45.633285
10195,119.95214,118.603455,119.642895,119.95214,123.09034,141.265595
33343,201.461075,201.394845,201.417505,201.461075,201.479155,201.955275
29751,112.794575,112.375415,112.7915,112.794575,113.09719,113.5334
29752,120.74209,117.93835,119.588345,120.74209,120.85584,122.702195
29753,102.338345,102.062775,102.09089,102.338345,102.4006,102.82636
29759,109.045745,108.911415,109.034525,109.045745,109.164555,109.24811
25047,212.773965,212.282075,212.33902,212.773965,212.8012,213.27312
29289,109.09699,108.135295,108.231955,109.09699,114.779935,118.67149
29283,108.74836,104.70346,106.805655,108.74836,112.08258,113.052135
29287,66.63254,66.50829,66.533495,66.63254,66.773275,67.215935
29284,110.14007,109.81779,109.94147,110.14007,110.18229,110.714485
29285,87.34042,87.14028,87.170665,87.34042,87.933405,88.95674
1121,61.135116,60.3579,60.828684,61.135116,61.249549,61.466124
1123,18.19546,17.538052,18.110212,18.19546,18.50266,18.73306
1126,35.803399,33.915655,34.143751,35.803399,36.137479,37.448456
1127,4.161025,3.890689,3.959809,4.161025,17.147908,41.185544
15105,115.20828,114.75122,114.757115,115.20828,115.654275,115.728835
30280,61.457375,61.133975,61.319225,61.457375,61.478615,61.98711
30282,62.355105,61.70482,62.04252,62.355105,62.418905,62.964665
29133,784.06161,745.097675,756.6548,784.06161,784.29313,862.811375
29138,15.903795,14.920815,14.94528,15.903795,19.113485,37.960455
18085,130.419065,130.21015,130.38488,130.419065,131.00343,131.163275
18087,139.661755,139.389135,139.65721,139.661755,139.68366,140.318985
18081,100.045265,100.017545,100.021505,100.045265,100.142675,100.57909
31771,90.47292,90.43973,90.472915,90.47292,90.581725,91.037985
31770,115.809795,115.5852,115.59718,115.809795,115.827945,115.94601
34506,132.011375,127.922945,130.09007,132.011375,132.087595,178.72813
12596,92.99781,92.9345,92.99597,92.99781,93.027845,93.527895
12597,137.40769,137.25865,137.334225,137.40769,137.472485,137.99388
12591,125.89575,125.851625,125.8824,125.89575,126.014995,126.52603
12592,120.007195,119.91767,119.99111,120.007195,120.07369,120.685685
12593,126.732675,126.6932,126.728105,126.732675,126.88144,127.273675
12598,113.81998,113.77235,113.805945,113.81998,113.918205,114.352895
12599,106.74182,106.7392,106.74081,106.74182,106.750275,107.217945
34509,116.74163,116.428615,116.574885,116.74163,117.252295,117.28155
12842,24.91569,24.473575,24.76323,24.91569,35.80718,36.73661
12846,104.661815,104.62483,104.638315,104.661815,104.688795,107.845155
12847,95.671525,95.47782,95.508445,95.671525,95.67711,96.168475
12844,123.372355,123.33165,123.371515,123.372355,123.64377,124.665815
12845,127.47268,127.014515,127.35334,127.47268,127.70407,128.49068
31482,104.133425,104.102665,104.108445,104.133425,104.188855,104.491755
31489,117.088315,116.606665,116.83861,117.088315,117.310595,117.589365
26610,102.271095,101.82883,101.829945,102.271095,103.58316,103.90402
23064,17.16779,16.827895,16.960445,17.16779,19.839745,20.052535
28086,66.746465,64.8635,65.039645,66.746465,66.859755,67.842545
23067,98.90127,95.66098,95.92991,98.90127,101.898045,104.062715
28083,110.092,109.57127,109.866505,110.092,110.56569,110.647675
28081,223.14138,223.006995,223.093295,223.14138,223.14825,223.8722
23068,121.241885,121.204185,121.233085,121.241885,121.27471,121.92725
23069,21.56636,21.463475,21.485605,21.56636,21.81908,22.23804
28088,137.29527,136.14493,137.19254,137.29527,145.2078,146.228325
22625,82.938855,82.351005,82.77744,82.938855,83.195805,83.711605
29969,150.149855,150.13592,150.141795,150.149855,150.16683,150.637595
24750,111.3681,111.27439,111.296645,111.3681,111.384485,112.02747
28663,80.29461,80.281245,80.28331,80.29461,80.31145,81.095945
28662,148.73043,148.58779,148.64372,148.73043,148.77708,149.50037
28660,99.844565,98.72029,99.84069,99.844565,100.845425,103.43699
28667,80.363325,80.154005,80.307135,80.363325,80.564095,82.003445
28666,126.199275,126.061285,126.170165,126.199275,126.2169,126.634115
28665,84.636065,84.578315,84.596565,84.636065,84.64888,85.141195
28888,112.025415,111.44688,111.908315,112.025415,112.595345,112.615955
28887,100.93227,100.828225,100.8799,100.93227,101.14969,101.173695
28886,111.72253,110.197085,110.94671,111.72253,111.79842,118.989855
28669,81.70318,81.18152,81.525035,81.70318,82.426885,138.663565
28881,169.366915,168.98874,169.001085,169.366915,169.66767,170.73198
13647,107.99486,106.936405,106.964985,107.99486,110.331475,119.81075
13646,98.05881,98.003785,98.04988,98.05881,98.062495,98.55666
13645,116.210675,115.74349,115.857155,116.210675,117.307715,118.573935
4772,93.612307,93.471763,93.609235,93.612307,93.615379,94.187539
13642,221.385685,221.30501,221.309985,221.385685,221.434,222.155155
26289,104.49308,104.401655,104.451695,104.49308,104.500515,105.11751
13640,107.175455,107.059825,107.11633,107.175455,107.18199,107.914205
13649,82.337555,82.274515,82.27472,82.337555,82.370515,82.6825
4779,108.213526,107.791126,108.180502,108.213526,108.40783,109.506837
14712,274.153695,273.84541,273.850605,274.153695,274.4231,274.768515
33695,78.495,78.4376,78.464655,78.495,78.52242,79.399025
32908,90.918885,89.31693,89.909545,90.918885,91.1409,92.2344
16039,89.66563,89.46381,89.545665,89.66563,89.73732,90.554315
19757,244.15492,243.87247,243.94822,244.15492,244.24711,250.44051
33692,98.484575,97.93736,98.20998,98.484575,98.7701,100.394445
32273,111.83669,111.190275,111.291425,111.83669,113.053955,116.914535
32903,280.868225,280.78045,280.860735,280.868225,280.903595,281.74142
17619,124.120745,124.034685,124.06437,124.120745,124.255295,124.561125
15237,44.00675,43.520865,43.692495,44.00675,46.079455,51.4108
14716,82.460955,82.186715,82.306365,82.460955,82.60981,83.500495
10355,14.529435,12.035875,13.552065,14.529435,14.669135,15.21703
17343,76.84341,76.772195,76.813105,76.84341,76.866075,77.35443
25390,76.45082,76.191045,76.31575,76.45082,76.545955,76.706985
15663,96.419685,94.829765,96.2803,96.419685,96.93949,97.50482
25393,62.30733,62.25552,62.289965,62.30733,62.37355,62.57176
25395,189.10896,189.06065,189.100965,189.10896,189.12756,189.7383
4611,83.450897,83.156753,83.311889,83.450897,83.566865,84.123665
25399,203.693785,203.45909,203.65298,203.693785,203.9882,204.77627
4613,87.85461,87.797778,87.842322,87.85461,87.915282,88.354578
4612,125.984282,125.024282,125.703962,125.984282,126.066458,126.096409
4615,91.423506,91.269138,91.351314,91.423506,91.599379,91.942675
4617,82.263568,82.21672,82.216721,82.263568,82.500113,125.086489
4616,91.660818,91.208466,91.419666,91.660818,91.975698,92.495635
23939,80.365525,79.242125,79.345695,80.365525,83.41946,84.42116
27227,110.683585,109.78768,110.548565,110.683585,112.435175,128.7086
2707,99.664916,99.580436,99.592724,99.664916,99.687188,100.002068
20708,224.772365,224.352885,224.47531,224.772365,225.10039,226.7984
20709,135.418005,135.298165,135.38975,135.418005,135.459535,135.76069
144,105.753622,105.72751,105.733654,105.753622,105.816598,106.344981
145,121.28796,121.270296,121.2726,121.28796,121.878553,140.07862
142,94.596883,94.566163,94.585363,94.596883,94.672915,94.936339
143,95.573011,95.517715,95.562259,95.573011,95.765011,96.078356
140,106.089237,105.722133,105.888789,106.089237,106.457878,110.26639
33426,97.3524,97.282885,97.349165,97.3524,97.36802,98.85403
20874,106.12458,106.09494,106.116885,106.12458,106.136905,106.873225
20875,158.151445,157.995285,158.13376,158.151445,158.347185,158.664855
20704,115.00912,114.93851,114.95623,115.00912,115.03465,115.484195
20705,126.301425,126.24658,126.286375,126.301425,126.724415,126.910245
20706,76.811555,76.743955,76.766335,76.811555,76.853505,77.179955
20707,96.791655,96.7581,96.763165,96.791655,96.842455,97.268145
28151,135.63558,135.633755,135.635215,135.63558,135.70227,136.211255
16693,113.672285,113.584235,113.61126,113.672285,113.7419,114.038415
16696,120.93949,118.985605,120.860425,120.93949,121.896995,122.71011
17151,110.4958,110.36105,110.467705,110.4958,110.63841,110.85875
18371,101.600105,99.89185,100.77248,101.600105,102.18994,106.697105
2713,109.077526,108.973078,109.046038,109.077526,109.154326,110.148118
2711,20.122372,20.082436,20.090116,20.122372,20.176132,20.611588
2718,120.513816,120.360984,120.441624,120.513816,120.540696,121.132057
10349,138.53914,138.448445,138.472975,138.53914,138.93056,139.477675
10343,85.16387,85.0365,85.093135,85.16387,85.21771,85.71274
10342,96.663735,96.35367,96.489295,96.663735,96.95538,97.162865
10693,29.61872,27.97428,28.407685,29.61872,31.260965,32.363445
10692,15.97244,15.447655,15.91805,15.97244,16.09669,17.40955
10694,4.55357,3.66168,3.78594,4.55357,6.34511,7.0693
10696,154.10754,154.03971,154.065425,154.10754,154.12911,154.76907
16969,91.90824,91.0189,91.8108,91.90824,92.17003,92.64601
19242,111.076625,110.4284,110.438425,111.076625,111.458035,204.53363
11499,117.15758,115.72313,116.270005,117.15758,119.266985,120.468255
6248,109.588769,109.560769,109.567084,109.588769,109.600373,110.028612
6249,90.864262,90.838703,90.849924,90.864262,90.937903,91.321769
6240,164.998536,164.911639,164.962767,164.998536,165.03461,165.661784
6241,77.738317,77.72162,77.731031,77.738317,77.739742,78.061765
6242,90.381949,90.309333,90.334384,90.381949,90.672423,90.787165
6243,90.303413,90.268062,90.271172,90.303413,90.914848,90.967444
6244,230.897774,230.747674,230.857555,230.897774,230.913,231.511834
6245,107.066217,107.041416,107.051146,107.066217,107.075402,107.439865
12277,86.8705,86.63719,86.699095,86.8705,87.29111,87.491735
6247,7.278755,7.211513,7.272985,7.278755,7.361747,7.562511
10522,103.944635,103.47519,103.9294,103.944635,104.147335,104.514935
14393,154.10921,154.00781,154.06961,154.10921,154.392735,155.74134
30525,124.267875,124.15935,124.255255,124.267875,124.33946,124.755355
30524,103.17072,103.12456,103.16645,103.17072,103.20342,103.523585
33020,161.18286,161.153145,161.174605,161.18286,161.21663,162.048045
34202,113.526295,112.07058,112.86318,113.526295,113.631715,113.674255
21479,114.801455,114.73963,114.796125,114.801455,114.809515,116.431275
30526,123.68736,122.925575,123.62871,123.68736,123.967965,124.253485
3096,110.175766,110.03983,110.160406,110.175766,110.533654,110.679574
21471,95.1034,94.97682,95.06963,95.1034,95.12544,95.866685
21470,90.45245,90.40174,90.42076,90.45245,90.45563,91.03235
21472,119.45006,118.428415,119.276115,119.45006,119.602455,119.729425
21475,107.668345,106.03011,107.540295,107.668345,107.845435,107.90607
18962,124.54652,124.46407,124.48021,124.54652,124.741075,124.7748
21477,114.57935,114.426815,114.463765,114.57935,114.60057,114.748055
24116,106.35889,106.268315,106.31677,106.35889,106.644615,108.357125
829,106.436373,106.36495,106.390294,106.436373,106.437909,107.043862
4405,47.803402,47.718922,47.721226,47.803402,48.847114,55.078667
825,85.758737,85.513745,85.559825,85.758737,85.818641,86.356242
824,97.583636,96.84482,96.956948,97.583636,97.975316,98.575892
827,145.814045,141.589277,142.318877,145.814045,145.829406,146.168094
826,93.758995,93.526291,93.624595,93.758995,93.889555,94.059283
820,92.987155,92.975635,92.979475,92.987155,93.022483,93.712915
823,93.906451,93.858835,93.884179,93.906451,94.080787,94.486291
822,104.082453,103.766037,103.901205,104.082453,104.395797,105.625366
13948,121.98811,121.72982,121.858335,121.98811,123.698705,124.961595
26843,96.334165,96.05959,96.1559,96.334165,96.33935,96.975945
13316,84.06686,83.586115,84.054535,84.06686,84.241885,84.32686
28551,231.071025,224.371975,225.03317,231.071025,232.93837,246.827915
26847,129.88058,129.81928,129.856805,129.88058,129.89465,130.28099
26849,83.10954,83.012235,83.076045,83.10954,83.147075,83.59418
13311,3.31147,3.290875,3.30683,3.31147,3.348195,3.79574
13310,115.22398,114.90776,115.210365,115.22398,115.23062,115.868645
15444,117.63323,117.281635,117.57259,117.63323,117.651925,118.135505
14199,153.88,153.785885,153.807355,153.88,153.9636,154.42173
14197,82.59297,82.54794,82.56174,82.59297,82.639645,83.62465
14194,95.847795,95.830435,95.8457,95.847795,95.858115,96.210955
15820,83.87581,83.84779,83.871365,83.87581,84.065035,84.41187
6258,229.793748,229.770717,229.789117,229.793748,229.796542,230.176969
15827,128.532735,128.42525,128.508285,128.532735,128.73467,129.33266
31127,117.10899,116.960065,117.054835,117.10899,117.131565,117.60655
35151,66.181285,66.108515,66.12898,66.181285,66.18509,66.52052
35150,93.735345,93.58915,93.7082,93.735345,93.827895,93.937205
31690,13.71257,13.494195,13.58216,13.71257,13.82995,14.4197
31691,109.780755,109.552885,109.773265,109.780755,110.095165,110.943145
24568,109.436165,107.408655,107.573305,109.436165,110.31291,111.09255
14337,57.94873,56.57302,56.93705,57.94873,58.05974,62.81665
28416,93.053305,91.83206,92.36885,93.053305,93.358645,93.779285
28417,104.408975,104.37568,104.40821,104.408975,104.41556,104.89806
18347,91.664815,89.99403,90.344555,91.664815,93.38062,94.758135
4257,107.162902,107.074582,107.115286,107.162902,108.482325,177.103908
28412,140.77954,140.6915,140.722625,140.77954,140.83288,141.52502
24562,94.46561,94.446925,94.454825,94.46561,94.51351,94.97078
18348,88.16869,88.133795,88.148795,88.16869,88.22416,89.65487
28418,80.81162,80.12933,80.386265,80.81162,80.899445,81.1125
6239,91.923466,91.833305,91.849935,91.923466,91.988295,92.116121
33948,108.799135,107.98089,108.7046,108.799135,108.94327,109.5795
33949,111.01819,110.97719,111.00679,111.01819,111.126085,111.545985
3019,87.07509,86.765586,86.804754,87.07509,87.315473,94.675987
17979,87.920995,87.77871,87.857835,87.920995,88.194925,88.36189
17975,123.886805,123.820835,123.85108,123.886805,124.86573,126.549615
6257,35.0935,35.062812,35.069953,35.0935,35.186777,35.428584
3010,107.49775,107.427093,107.473942,107.49775,107.503894,107.963926
3011,113.169431,112.747799,112.966679,113.169431,113.606423,114.779159
3016,105.989397,105.967893,105.974037,105.989397,106.002453,106.48399
3017,100.399892,100.31234,100.32002,100.399892,100.806165,101.023508
3014,108.560662,107.852566,108.136726,108.560662,108.846358,128.707609
34338,114.945045,114.857025,114.90622,114.945045,114.964475,115.490025
32111,117.78519,117.63389,117.71032,117.78519,117.901045,118.43315
12264,100.497505,100.3985,100.473265,100.497505,100.931605,101.387165
30368,132.437125,131.408725,131.67188,132.437125,132.993665,133.25826
34994,88.17035,88.115025,88.14824,88.17035,88.972835,118.182245
34995,107.93098,107.892245,107.91697,107.93098,107.9402,108.35655
30364,127.934405,127.862425,127.87473,127.934405,128.10162,128.20131
34334,57.414335,56.35744,56.443095,57.414335,57.55917,58.837845
34335,34.968475,34.420045,34.566265,34.968475,36.110855,36.523235
34992,99.73315,98.164375,98.411815,99.73315,101.879055,104.58544
13878,101.62095,101.60534,101.60806,101.62095,101.91861,102.27673
31548,99.852435,99.263045,99.33819,99.852435,99.94631,100.236495
31549,93.718835,93.53204,93.67549,93.718835,93.73027,94.35185
31018,102.98287,102.929335,102.961535,102.98287,103.03973,103.33528
31019,88.951535,88.894045,88.94654,88.951535,88.982225,89.29181
13870,95.268305,95.25606,95.261615,95.268305,95.29143,95.7588
31545,233.106025,233.05149,233.05837,233.106025,233.150955,233.58479
13873,103.91757,103.377695,103.88268,103.91757,104.75143,105.024885
35067,151.21431,149.900005,150.053895,151.21431,152.71121,154.450085
31013,160.099815,157.44677,157.735635,160.099815,160.52971,160.726385
13876,101.2818,101.26582,101.26607,101.2818,101.32775,101.708395
35064,7.633935,7.372705,7.59648,7.633935,8.00668,8.225535
11501,127.02428,126.933335,127.00942,127.02428,127.131345,127.57376
34196,159.702095,158.65703,159.020545,159.702095,160.003525,160.76836
34190,88.07982,87.981185,88.02865,88.07982,88.26445,88.78078
34192,110.92974,110.778515,110.846415,110.92974,110.932695,114.04658
11292,160.405055,159.847845,160.200895,160.405055,162.51991,172.424355
23233,124.087995,123.764825,123.967095,124.087995,124.455295,125.6933
23232,125.99833,125.10436,125.87558,125.99833,126.22831,126.446185
23237,88.023765,87.87618,87.92544,88.023765,88.09045,88.200265
11,104.336661,104.303637,104.322069,104.336661,104.378901,105.517846
27039,114.19454,114.111045,114.17773,114.19454,114.416285,115.008465
12476,116.939695,115.98937,116.483895,116.939695,117.35939,117.845465
12475,30.735295,30.22753,30.31302,30.735295,30.82288,31.814485
16,100.81922,100.455957,100.498197,100.81922,103.250709,108.590615
18,103.087125,101.743892,102.515733,103.087125,104.577813,105.404182
30948,122.27692,122.126995,122.143665,122.27692,122.313995,122.788015
3904,133.172763,133.119771,133.123611,133.172763,133.248795,133.477659
3906,96.352532,96.319508,96.32642,96.352532,97.070611,109.632022
3907,114.752279,114.707736,114.720024,114.752279,114.773015,115.292183
30764,104.00456,102.681265,103.81965,104.00456,104.058415,104.33157
21033,83.55457,83.031945,83.36579,83.55457,85.971565,86.47731
32598,198.43749,197.743605,198.035235,198.43749,198.606425,199.060055
32592,19.27904,14.83845,18.043345,19.27904,20.80063,22.05281
32593,62.85294,52.86949,53.838575,62.85294,64.05413,88.09321
32591,109.250225,109.2276,109.23226,109.250225,109.287825,109.692345
32594,111.551545,111.52476,111.53529,111.551545,111.65832,111.94895
32595,13.98124,13.83623,13.841445,13.98124,14.008135,14.304705
35247,83.79507,83.78331,83.78785,83.79507,84.000165,84.648615
21039,120.982195,119.70859,120.583895,120.982195,131.75972,133.70895
35244,117.179305,114.156435,114.759095,117.179305,117.489075,117.55106
19920,77.561965,77.467455,77.528105,77.561965,78.04484,78.39351
19921,140.603365,140.57883,140.59971,140.603365,140.63084,141.11101
32042,83.21498,83.012955,83.21293,83.21498,83.226085,83.56062
32043,97.519815,97.37686,97.403615,97.519815,97.529755,98.22327
205,93.451795,93.427219,93.442579,93.451795,93.860371,95.429395
19253,63.78689,63.69347,63.750545,63.78689,63.82917,64.28583
16754,84.968715,84.95017,84.958325,84.968715,85.01455,86.675425
19927,101.96735,101.536865,101.8732,101.96735,102.0713,103.610915
209,83.269649,83.117585,83.186705,83.269649,83.409425,83.708177
16209,116.377925,116.307705,116.31467,116.377925,116.522225,116.55692
16758,96.34702,96.283345,96.333235,96.34702,96.382645,96.754735
16759,88.22235,88.16992,88.175295,88.22235,88.36066,88.989755
21468,126.273945,125.65843,125.89377,126.273945,126.672735,127.27341
19258,109.12378,108.44795,108.76232,109.12378,109.68369,110.100135
12041,133.868525,133.75541,133.81462,133.868525,133.90136,134.355965
836,86.178834,86.102034,86.159634,86.178834,86.313234,86.730258
12049,104.329825,104.09362,104.201465,104.329825,104.35129,104.50228
3471,114.653975,114.294551,114.446615,114.653975,114.655511,115.024919
834,90.948114,90.832914,90.902034,90.948114,91.029522,91.560211
25763,111.949215,111.835015,111.91927,111.949215,112.010425,112.57561
25764,79.909615,79.25988,79.65715,79.909615,82.70694,86.25936
21643,270.341075,270.2729,270.32516,270.341075,270.343265,270.667325
21461,85.941115,85.927665,85.938825,85.941115,86.229155,86.476875
21646,100.94305,99.97869,100.39864,100.94305,101.58271,102.95588
21863,61.44263,61.272135,61.416385,61.44263,61.69492,61.933295
21644,285.36762,285.21243,285.31199,285.36762,285.950925,288.76348
24107,98.21128,98.20587,98.207485,98.21128,98.277335,98.708645
3658,14.657283,14.250243,14.631939,14.657283,17.667075,26.07591
3659,151.885086,151.743006,151.861278,151.885086,151.957278,153.397279
4195,121.578264,121.551384,121.555224,121.578264,121.581336,122.039065
3656,86.562065,82.232081,82.980881,86.562065,89.96661,92.698387
22998,86.46146,86.43953,86.45625,86.46146,86.68907,86.856065
3650,88.65717,84.218129,86.691089,88.65717,89.21781,94.113811
3651,104.131605,103.078677,104.093973,104.131605,104.214549,182.706468
2525,86.485266,85.94997,86.022162,86.485266,89.50197,89.784594
26072,115.122815,109.29803,113.28858,115.122815,115.98139,116.55001
25025,171.15213,171.079155,171.080625,171.15213,171.57362,175.901685
2523,101.85602,101.123348,101.59874,101.85602,102.44354,102.802197
26077,106.76336,103.59726,104.84575,106.76336,106.805065,107.74394
26078,220.30638,220.268695,220.303635,220.30638,220.372595,220.93669
2529,25.91079,20.869636,23.678213,25.91079,32.349703,37.57364
11461,84.15491,84.077705,84.092685,84.15491,84.16388,84.44177
25792,111.38534,111.039235,111.2658,111.38534,112.56923,113.031125
11463,88.63036,88.556845,88.589255,88.63036,88.63102,88.934625
11462,116.573565,116.526735,116.559475,116.573565,116.607135,117.05861
28711,155.763845,155.505925,155.615975,155.763845,155.851825,155.977385
17153,78.30514,78.26226,78.28922,78.30514,78.32176,78.596285
4193,113.899031,112.133399,112.541975,113.899031,115.144728,115.271448
17154,90.019175,89.92003,89.98066,90.019175,90.101715,90.553525
25185,265.12966,265.01666,265.076465,265.12966,265.182965,270.652835
25184,83.7203,83.41529,83.545065,83.7203,83.81869,84.147235
13319,94.57895,94.447655,94.533895,94.57895,94.601325,94.902055
13318,5.1855,5.169555,5.17537,5.1855,5.186465,5.66446
25182,65.265855,65.204575,65.22253,65.265855,65.560635,65.6364
13315,116.178385,116.120775,116.16301,116.178385,116.257275,116.348985
13314,109.7494,109.571525,109.59195,109.7494,109.776985,110.957175
13317,90.97755,90.482045,90.60706,90.97755,91.158435,91.924775
4407,121.382425,112.230935,118.685208,121.382425,122.495257,122.890009
4400,102.336789,102.229269,102.307605,102.336789,102.478869,103.167764
4401,98.264084,97.838612,97.892372,98.264084,98.28098,99.212563
928,80.848912,80.809744,80.84584,80.848912,80.93032,81.361937
929,87.609618,87.482897,87.526673,87.609618,87.620369,89.35605
920,155.317279,155.288095,155.293471,155.317279,155.393311,155.915552
10751,11.643025,11.325595,11.475125,11.643025,14.15772,14.298775
924,123.772441,123.444505,123.626521,123.772441,123.820825,124.611097
927,162.554913,161.817633,162.457377,162.554913,162.723105,163.285281
11809,126.35635,124.930235,125.954035,126.35635,126.5779,126.92055
11803,109.9254,109.840785,109.854825,109.9254,110.28779,110.361915
33712,34.01433,33.95966,33.98265,34.01433,34.058805,34.88666
33711,57.37307,57.283485,57.37084,57.37307,57.383045,58.09732
33710,76.285745,76.203875,76.213255,76.285745,76.304315,76.65771
11807,92.659285,92.35723,92.64117,92.659285,92.8767,93.15012
11805,111.23502,111.133375,111.20197,111.23502,111.248325,111.709495
20119,96.981455,96.451545,96.673585,96.981455,103.32155,106.203745
20118,119.007475,118.203145,118.20879,119.007475,119.338125,119.5396
20111,189.30294,189.245265,189.27263,189.30294,189.38398,189.743185
3868,126.914329,126.769946,126.832922,126.914329,126.941977,127.312922
27858,126.408055,125.60142,126.382385,126.408055,126.68518,126.83559
27588,116.220195,116.08695,116.195995,116.220195,116.29858,117.545215
27852,98.826705,98.688295,98.701695,98.826705,99.11803,100.433805
27857,102.135775,101.869285,102.054735,102.135775,102.231245,102.456585
784,96.173588,96.046867,96.063764,96.173588,96.482323,111.725591
785,88.71477,88.571154,88.587282,88.71477,89.312275,90.505746
786,97.875476,97.6781,97.786388,97.875476,97.975316,120.376344
780,82.984721,82.768913,82.793488,82.984721,83.026961,83.794961
781,157.039136,155.976992,156.348703,157.039136,158.280993,159.458337
783,122.89692,118.260504,119.286552,122.89692,123.558169,124.449817
788,92.681491,92.653843,92.671507,92.681491,93.451027,93.867283
789,90.829842,90.785298,90.818322,90.829842,90.843666,91.701523
18570,99.37365,99.33561,99.34541,99.37365,99.39339,99.67297
18572,87.09986,86.213885,86.931895,87.09986,87.19263,90.86775
18578,23.208775,23.071735,23.185055,23.208775,23.260305,23.708785
18579,93.478065,93.41398,93.419215,93.478065,93.50033,94.014105
34297,33.23114,32.944215,33.186535,33.23114,33.46482,33.893035
15125,96.652935,96.621915,96.629405,96.652935,96.948885,97.194405
15121,125.968385,125.678155,125.89599,125.968385,126.86967,127.86131
34291,27.412725,25.648225,27.352305,27.412725,27.558105,35.67726
34290,27.209005,26.71807,27.112,27.209005,28.10359,28.531315
15128,101.35544,100.92932,101.293275,101.35544,101.41913,101.77075
33246,117.249925,116.93136,117.23257,117.249925,117.56519,117.72228
30427,136.591435,135.535185,136.339005,136.591435,137.46235,137.63082
31710,96.225575,96.1171,96.17415,96.225575,96.527815,116.296665
31715,102.104445,101.61798,101.690605,102.104445,102.734975,110.72791
21965,112.967785,112.174755,112.912,112.967785,113.16664,113.872425
31717,108.20496,108.150915,108.187225,108.20496,108.86791,109.67647
31719,87.67187,87.55345,87.62422,87.67187,88.01213,88.181875
11195,147.50602,146.15717,146.41452,147.50602,147.80936,148.24592
26983,95.4453,94.96695,94.990455,95.4453,95.453095,106.228905
18750,18.603975,17.94625,18.32903,18.603975,18.608205,19.47811
33575,249.76608,249.700525,249.71136,249.76608,250.299925,250.79775
404,96.312596,96.024596,96.043028,96.312596,96.339476,96.653587
33573,85.30489,85.04398,85.055255,85.30489,86.720035,87.136525
33572,110.569665,110.52823,110.54794,110.569665,110.59852,111.39213
18756,100.891925,100.567705,100.74298,100.891925,101.21646,101.65798
18759,106.49845,106.35877,106.39251,106.49845,106.53258,107.075875
33579,111.035015,109.825365,110.93452,111.035015,114.465225,118.272145
33578,102.27353,101.77887,102.03958,102.27353,102.27418,102.489315
34073,90.87195,90.446825,90.696655,90.87195,90.942805,91.07206
34071,24.25227,23.05607,23.291255,24.25227,24.85098,32.471475
34070,272.338265,271.92713,272.1718,272.338265,272.36304,272.708675
34077,107.0529,106.90488,106.963435,107.0529,107.13968,108.602735
30003,175.891175,175.62216,175.70221,175.891175,178.80779,178.811675
34075,211.22737,211.01293,211.196185,211.22737,211.29909,211.765725
12867,24.468095,24.410435,24.452285,24.468095,24.507525,25.11311
28961,124.528,112.83244,113.30146,124.528,131.71671,307.62485
23294,93.389385,93.12671,93.131355,93.389385,93.65221,94.249685
2898,162.169377,162.078753,162.126369,162.169377,162.269217,162.976545
2895,156.050719,155.791135,156.011551,156.050719,156.334111,156.503072
2894,103.013397,102.982677,103.008021,103.013397,103.026453,103.524885
2897,93.249042,93.208338,93.242898,93.249042,93.305106,93.776659
26671,139.10645,139.058575,139.10125,139.10645,139.141905,139.65749
2891,161.370656,161.222432,161.226272,161.370656,161.713952,162.051105
29618,80.759925,80.264565,80.54757,80.759925,80.890475,80.923205
1454,85.949202,85.664273,85.835537,85.949202,86.108946,97.907732
1107,43.745289,43.709193,43.733001,43.745289,43.816713,45.442569
1105,22.877189,22.705924,22.774276,22.877189,22.945541,33.784327
1451,87.820818,87.80085,87.813138,87.820818,87.857682,88.603409
23005,29.64406,29.526225,29.5271,29.64406,29.806635,29.87406
23008,203.53491,203.44554,203.505995,203.53491,203.66723,204.221235
23290,107.913345,107.70386,107.833645,107.913345,107.918975,109.3718
1458,89.827602,89.436691,89.483539,89.827602,89.850642,90.14325
1459,110.16271,109.397014,110.123542,110.16271,110.429206,110.906135
22354,114.68482,114.45252,114.529875,114.68482,114.910895,115.068415
10462,10.008145,8.993805,9.97231,10.008145,10.88889,14.29446
22353,123.48391,122.15485,122.16688,123.48391,124.4078,125.088105
3837,128.091674,127.953434,127.982618,128.091674,128.140058,129.288986
26518,33.522845,33.387245,33.402815,33.522845,33.82552,34.61129
26510,92.56668,92.545945,92.549905,92.56668,92.59139,93.12817
28609,156.17333,155.772955,155.859245,156.17333,156.335175,156.80703
28608,8.14336,7.571945,8.11382,8.14336,9.61038,12.76814
28600,81.90346,80.570435,80.731655,81.90346,82.232685,85.86658
28605,109.61335,108.34223,109.17798,109.61335,109.64513,109.944135
28607,268.808195,268.607015,268.702155,268.808195,269.469865,269.494815
2137,83.812625,83.240464,83.606033,83.812625,84.366353,85.203474
4798,93.177619,93.148435,93.171475,93.177619,93.209107,93.567763
4799,96.553748,96.500756,96.523028,96.553748,97.089044,110.168854
4794,122.738713,122.707993,122.727961,122.738713,122.782489,123.287833
4796,90.62709,90.584082,90.607122,90.62709,90.735378,91.368978
26368,39.549975,32.059795,34.50772,39.549975,40.055495,48.93236
32034,117.940065,117.744375,117.911455,117.940065,118.7943,127.528265
4925,100.489748,100.40834,100.41986,100.489748,101.243156,102.369812
11256,150.35136,150.32732,150.335105,150.35136,150.364185,150.770195
11257,136.86291,134.18266,136.263205,136.86291,142.388885,142.65858
11254,104.07675,104.00754,104.041295,104.07675,104.13827,104.642725
32928,275.159665,253.244855,273.936065,275.159665,282.893995,294.563185
32923,228.982225,228.93751,228.980015,228.982225,229.00302,229.38591
32922,87.23037,86.957555,87.21284,87.23037,87.352785,87.80853
32921,100.870165,100.81332,100.86127,100.870165,100.873555,101.465375
32920,96.036705,95.9671,95.978065,96.036705,96.05384,96.448215
15945,89.58142,89.540725,89.577105,89.58142,89.730645,90.16237
32926,85.08245,85.062975,85.0664,85.08245,85.1105,85.744945
32925,149.677345,148.95358,149.469495,149.677345,150.469035,150.88017
31542,240.03742,240.00683,240.023105,240.03742,240.07498,240.62251
4036,115.243031,115.183127,115.220759,115.243031,115.592471,115.718424
25375,308.993115,308.914805,308.95437,308.993115,309.016065,309.640515
25373,285.7941,284.848025,284.941175,285.7941,285.935845,287.67173
34292,89.147765,89.038485,89.059925,89.147765,89.38221,90.12817
17214,97.078855,96.255775,96.721775,97.078855,97.481525,97.804775
23918,102.94926,102.687865,102.714855,102.94926,103.41156,107.140645
15122,117.259315,117.248495,117.254085,117.259315,117.36665,117.835645
17215,92.8112,92.546525,92.64766,92.8112,93.16247,93.553265
23914,103.82788,103.77896,103.80685,103.82788,103.856285,104.23349
23911,120.476665,118.840255,119.61593,120.476665,124.905785,185.371685
4,87.215634,87.129618,87.15573,87.215634,87.49365,87.890706
34922,99.494195,99.356625,99.37887,99.494195,99.510315,100.01074
6020,92.449542,92.445212,92.447487,92.449542,92.484155,92.87924
25516,65.853845,65.83523,65.84768,65.853845,65.875845,66.298105
25515,103.174445,102.028845,102.48088,103.174445,105.187495,126.673465
21981,159.47728,158.991705,159.376125,159.47728,159.485225,160.23161
3005,113.366039,113.341463,113.347607,113.366039,113.528855,113.716247
21986,180.717155,180.640935,180.6833,180.717155,180.76343,181.0321
21989,103.43241,103.354585,103.35922,103.43241,103.60418,103.915795
33971,107.171865,106.40316,106.56635,107.171865,108.752645,110.29352
6025,84.345901,84.115973,84.324656,84.345901,84.413477,84.701888
12788,63.68533,63.297065,63.412255,63.68533,63.73897,64.26187
28462,110.67134,110.543215,110.56003,110.67134,110.74602,111.07933
17361,97.61605,97.593575,97.601805,97.61605,97.68573,98.13063
14307,115.887125,115.447975,115.599915,115.887125,116.097575,117.55456
12783,113.33338,110.67098,111.836055,113.33338,114.41722,116.42866
12782,149.844295,148.89306,149.5137,149.844295,151.201055,244.88825
12784,122.76983,122.594595,122.651175,122.76983,122.795075,123.372015
12787,95.479295,95.39994,95.437515,95.479295,95.528595,95.97026
14306,112.608805,112.23612,112.558045,112.608805,128.660925,134.907195
2779,90.163986,90.015762,90.036498,90.163986,90.466578,90.670098
10324,80.210735,80.152185,80.19621,80.210735,80.26322,80.73708
10329,2.431475,2.42781,2.43097,2.431475,2.44365,3.051155
28466,106.95512,106.95366,106.95373,106.95512,107.01184,107.80906
4897,117.811992,117.572376,117.695256,117.811992,117.826584,119.217431
4896,135.344668,135.283228,135.340828,135.344668,135.356188,135.859995
2776,106.313493,106.095381,106.191382,106.313493,106.493973,107.234326
2777,100.086548,99.998228,100.005908,100.086548,100.229396,101.246228
18354,43.211795,43.173865,43.205125,43.211795,43.23255,43.7275
16412,116.2109,116.14752,116.20122,116.2109,116.361275,116.68742
16949,82.31881,81.504595,82.262505,82.31881,83.201125,132.24855
6266,24.429817,24.381133,24.429782,24.429817,24.472026,24.839758
6267,85.526053,85.481465,85.525068,85.526053,85.541259,85.916112
6264,55.607184,55.56461,55.594244,55.607184,55.639768,55.82663
6265,34.274604,34.203397,34.238624,34.274604,34.365596,34.506283
6262,115.136858,115.121413,115.132564,115.136858,115.157998,115.562123
6263,115.172239,115.129198,115.148237,115.172239,115.189412,115.307101
6260,100.578111,100.529508,100.565387,100.578111,100.617749,101.703554
21181,133.956305,131.603245,133.531375,133.956305,134.4139,136.848215
18350,118.55762,116.926735,117.844215,118.55762,118.673495,119.068275
6268,94.050487,93.919051,93.95309,94.050487,94.207206,94.512553
12258,104.99662,103.71253,104.71421,104.99662,106.521475,115.3379
17093,86.03108,85.848665,85.891285,86.03108,86.579795,86.980775
17091,87.19851,86.96317,87.03653,87.19851,87.4116,87.557775
17096,90.402975,89.876445,90.140925,90.402975,90.45983,90.772575
11181,101.611575,100.35199,101.27804,101.611575,101.634685,102.339635
21455,105.56309,103.98733,105.337335,105.56309,105.80156,106.50786
21452,127.61418,127.39074,127.48787,127.61418,127.730145,127.80653
21323,100.449505,100.35066,100.44519,100.449505,100.574045,101.23087
21459,101.126565,100.5775,101.06803,101.126565,101.277005,102.007195
21458,114.17452,114.13852,114.156,114.17452,114.21006,114.999405
22980,100.2651,100.214845,100.264325,100.2651,100.279255,101.173065
22981,104.388205,104.228025,104.313845,104.388205,104.616785,105.31178
845,95.48162,94.841108,95.375636,95.48162,95.516948,96.077587
842,122.595097,122.428441,122.519833,122.595097,122.672665,122.965272
22986,119.63357,119.186325,119.36477,119.63357,120.02654,120.411085
33380,147.070915,147.03787,147.052805,147.070915,147.127665,147.489795
33381,111.26613,110.045055,110.79999,111.26613,111.26939,111.377785
33382,117.448085,117.429265,117.431645,117.448085,117.495705,118.01971
33386,97.9143,97.86402,97.912775,97.9143,98.10698,98.289305
3468,94.967059,94.585363,94.634515,94.967059,116.803608,434.578262
20582,107.066335,107.00327,107.00857,107.066335,107.250935,107.880355
20581,98.98874,98.944335,98.98048,98.98874,99.051885,99.35354
19416,157.130495,154.834815,155.691405,157.130495,157.76294,159.183755
20584,106.605925,105.422895,106.465575,106.605925,106.667265,106.933425
20588,100.623625,100.4318,100.501565,100.623625,100.985145,102.172775
376,106.368022,105.61231,106.265878,106.368022,106.407958,106.824213
32311,82.07829,81.914885,82.043735,82.07829,82.117275,83.595085
26863,12.66747,12.140855,12.27283,12.66747,12.682,20.988325
26862,44.75234,44.52162,44.57003,44.75234,45.10499,45.55568
3944,122.369305,121.899289,122.051353,122.369305,122.435352,125.079577
19365,108.443225,108.437655,108.4394,108.443225,108.562055,109.04292
19362,100.973565,100.92185,100.96984,100.973565,101.057475,101.770045
19363,94.734045,94.713365,94.71812,94.734045,94.76076,95.15782
32316,30.38556,30.07158,30.336375,30.38556,31.137205,31.842965
32317,118.96714,117.932035,118.785265,118.96714,118.98129,120.528655
13120,20.320115,19.72973,20.26189,20.320115,21.25144,22.948595
13121,208.277535,208.186025,208.19152,208.277535,208.27805,208.705845
15806,92.70571,91.580585,92.36749,92.70571,93.032835,93.48677
15804,122.284085,121.988935,122.03031,122.284085,122.68282,122.80279
13128,6.719235,4.167095,4.431075,6.719235,7.050065,8.12796
18755,85.62246,85.556795,85.568375,85.62246,85.62272,86.16108
33571,103.75423,102.141705,103.5563,103.75423,103.85539,105.85895
28473,108.878915,108.862935,108.877535,108.878915,108.880835,109.46376
3072,105.231382,105.057046,105.20143,105.231382,105.634581,105.755157
12364,100.759605,100.50952,100.71218,100.759605,101.057835,101.52746
28476,92.143245,92.05338,92.11011,92.143245,92.425175,92.84258
3075,89.06037,88.95285,89.022738,89.06037,89.84373,92.725266
28475,89.825585,89.726635,89.78043,89.825585,89.8655,90.08417
14314,115.300015,115.27851,115.28244,115.300015,115.391875,115.657645
28478,142.40268,134.888365,141.60752,142.40268,175.656825,254.181225
33967,109.18503,108.680245,109.01787,109.18503,110.231225,110.389945
14310,34.68826,33.59034,33.684895,34.68826,35.0136,35.268555
33961,169.154905,169.110275,169.14464,169.154905,169.17555,169.64589
18326,107.245425,106.84682,106.87223,107.245425,108.035745,108.442275
20326,89.18753,88.69225,88.822225,89.18753,89.25934,89.69058
20324,88.023035,87.765485,87.86631,88.023035,88.29929,88.490625
17958,86.87638,86.589235,86.836025,86.87638,86.92258,87.581545
27442,209.84125,209.54704,209.6195,209.84125,209.99829,210.167885
27440,223.29837,223.25974,223.26758,223.29837,223.31957,223.770915
20321,171.369185,171.26397,171.351055,171.369185,171.374045,172.06191
17951,123.17635,123.070705,123.11488,123.17635,124.18386,124.1865
17950,107.97317,106.73622,106.9664,107.97317,108.4697,109.972895
12710,88.484475,87.62759,88.21292,88.484475,88.756375,89.959565
20329,94.41224,94.408945,94.41043,94.41224,94.494175,95.1756
6146,80.611694,80.523868,80.552318,80.611694,80.650045,80.789157
31625,89.777885,89.74767,89.75567,89.777885,89.82091,90.091945
31300,138.127935,138.05765,138.079,138.127935,138.1677,138.863495
31529,91.086825,90.8589,91.080635,91.086825,91.64379,91.686425
31520,101.52948,101.34635,101.392105,101.52948,101.61097,102.421705
31521,87.44538,87.095265,87.24964,87.264105,87.28183,87.424,87.46676,89.08962,89.250155,89.42179,89.57877
31525,94.824955,93.958555,94.19042,94.824955,94.97361,95.63268
12863,111.578615,111.243145,111.4112,111.578615,111.809875,111.966835
12718,115.289865,115.256075,115.272585,115.289865,115.297915,115.95667
6148,17.4684,17.465049,17.467505,17.4684,17.491642,17.815495
18021,79.172145,78.646415,79.139885,79.172145,79.517515,83.396895
30001,64.77904,64.615875,64.66899,64.77904,64.79873,65.690535
29074,151.807565,151.73691,151.786105,151.807565,151.928855,152.519185
31530,114.851435,114.0934,114.508055,114.851435,116.71971,118.478685
31021,98.203675,97.677325,98.130385,98.203675,98.30616,99.265495
21930,104.432425,103.104715,104.036725,104.432425,104.53498,107.044915
28296,110.495035,110.38438,110.391465,110.495035,110.71442,111.26076
23216,110.89904,109.553415,110.073055,110.89904,112.06486,118.183135
23214,106.66194,106.58201,106.60432,106.66194,106.68305,107.29136
28292,123.866365,123.69513,123.74642,123.866365,123.958465,124.238535
23212,106.185875,105.857825,106.16628,106.185875,106.19878,106.511205
28291,266.172595,265.61495,265.78643,266.172595,266.538635,268.99754
23218,104.2706,104.11576,104.131795,104.2706,104.28306,104.86039
27055,112.248145,110.864885,111.02681,112.248145,112.27248,126.52555
27056,209.390985,209.355645,209.376995,209.390985,210.09147,210.094935
485,124.937497,124.646426,124.751642,124.937497,125.765401,126.270745
31024,118.145245,117.86033,118.13083,118.145245,118.404155,118.593555
483,274.947895,274.732855,274.875703,274.947895,275.231287,317.530432
482,134.542875,134.463771,134.528283,134.542875,134.563611,134.935324
480,92.56629,92.360466,92.513298,92.56629,93.066258,93.992467
12419,224.018195,223.647445,223.792955,224.018195,224.18594,224.24832
12418,213.81813,213.517205,213.77708,213.81813,213.951635,214.037535
30920,111.97766,111.69503,111.883415,111.97766,112.04244,112.291795
30923,124.106675,122.600385,122.7306,124.106675,124.257725,125.05357
30922,100.23921,99.92035,100.18809,100.23921,100.523655,100.5891
12415,222.429285,222.312415,222.345425,222.429285,222.436195,222.733515
30924,100.692655,100.002655,100.63784,100.692655,101.267485,101.481375
30927,102.789595,102.32025,102.402865,102.789595,103.30979,103.34021
35001,53.820525,51.44121,53.813905,53.820525,69.29518,74.21722
35000,166.32226,166.234485,166.30726,166.32226,166.497765,173.1981
35002,93.312245,93.182335,93.25461,93.312245,93.32678,95.027285
35005,105.916605,105.72439,105.753225,105.916605,106.569125,107.11794
6211,114.893668,114.718546,114.880288,114.893668,115.041316,115.416598
35006,5.46108,4.41977,4.938595,5.46108,6.325545,6.58182
35008,39.572135,39.41533,39.42156,39.572135,39.57766,40.285465
19643,80.30493,80.255355,80.292715,80.30493,83.61721,83.70333
31039,98.93693,98.891715,98.911705,98.93693,98.943095,99.40174
19496,271.10131,270.84138,271.070425,271.10131,271.21113,271.513875
19497,176.190055,173.1926,174.17613,176.190055,176.335465,177.849965
34717,32.974945,30.105125,32.89249,32.974945,34.25242,34.76515
34714,103.96649,103.55463,103.61238,103.96649,104.35405,117.06526
34715,203.475805,192.48295,202.07904,203.475805,207.406485,224.624495
34712,64.339375,64.2122,64.29165,64.339375,64.385215,65.07651
34710,75.462175,75.444505,75.455355,75.462175,75.511795,76.055525
34718,98.12574,98.05245,98.093775,98.12574,98.16687,99.073825
34719,10.760175,10.72316,10.756525,10.760175,10.82745,11.38196
453,96.6797,96.5837,96.635156,96.6797,96.730388,97.108244
14,111.644951,111.025175,111.282455,111.644951,111.694871,112.660246
16778,236.817725,236.733725,236.81734,236.817725,236.905225,237.457425
32718,153.355645,152.55525,153.175815,153.355645,153.392935,153.551445
32719,126.01535,124.67386,125.655385,126.01535,126.442575,127.68871
32714,93.154,93.036015,93.139485,93.154,93.17985,93.473385
33326,76.425505,76.38208,76.4037,76.425505,76.4474,76.94588
16772,129.051735,129.035365,129.03544,129.051735,129.058025,129.400625
32717,126.896725,126.87303,126.88963,126.896725,127.054665,127.455825
32710,13.957275,13.846845,13.93195,13.957275,14.414645,14.645345
32711,112.082375,111.88223,111.96589,112.082375,112.152555,113.480575
16776,10.87757,10.675055,10.751185,10.87757,11.114265,11.772095
19273,65.267155,65.23805,65.251625,65.267155,65.39437,69.521775
6098,75.820892,75.747384,75.804887,75.820892,75.962196,76.265452
22165,100.69471,100.494025,100.61271,100.69471,100.82617,101.055345
22163,112.247755,109.271725,112.071205,112.247755,113.766385,115.50023
12060,36.905115,35.801585,35.929415,36.905115,37.38593,39.03641
6090,249.999408,249.823036,249.999178,249.999408,250.305276,250.354773
6093,33.053074,33.003188,33.047323,33.053074,33.096699,33.35159
6092,0.6252,0.584651,0.608525,0.6252,0.9005,1.086034
6095,61.119061,61.087559,61.112345,61.119061,61.162375,61.560722
6094,94.183448,94.109195,94.174788,94.183448,94.240789,94.660779
6097,22.189207,22.135415,22.185897,22.189207,22.225364,22.682603
6096,222.403114,222.329625,222.39952,222.403114,222.469115,222.79862
25746,112.27126,111.73353,111.993455,112.27126,113.108685,113.236085
25741,128.826695,126.874995,127.782935,128.826695,129.04981,129.96445
2896,148.232478,147.946782,148.167198,148.232478,148.249374,148.972062
21848,211.045155,210.841505,210.851135,211.045155,211.078695,211.7333
21662,144.993515,144.86689,144.87833,144.993515,145.233515,147.591815
21663,138.402065,138.373555,138.39613,138.402065,138.451085,139.08162
21665,98.99455,98.493775,98.89001,98.99455,99.1451,100.561325
21842,82.18927,82.046415,82.08414,82.18927,82.210905,82.507105
3678,76.75624,76.154128,76.250128,76.75624,77.029648,78.797583
3672,126.087962,126.061082,126.064922,126.087962,126.095642,126.539546
3673,75.991312,75.296271,75.983631,75.991312,82.561552,89.769234
3670,85.923858,85.198865,85.82709,85.923858,86.761745,106.504726
3671,85.113617,84.657425,84.857873,85.113617,85.928466,85.981458
3676,113.170966,113.078038,113.091094,113.170966,113.172502,115.176983
28717,249.9606,249.816125,249.85893,249.9606,250.079285,250.450775
23002,303.160525,302.98316,303.15714,303.160525,303.350945,303.91936
2546,227.893294,227.26891,227.616814,227.893294,228.420142,228.553774
2545,113.518871,113.269271,113.516567,113.518871,113.789975,130.205978
26096,104.145225,103.759135,104.102785,104.145225,104.184315,105.47159
2549,32.122375,30.925062,31.462663,32.122375,32.374278,32.652295
26095,80.80768,80.44741,80.532765,80.61036,80.726905,80.730175,80.885185,81.409455,81.57034,81.642945,81.876905
26092,115.29396,115.201215,115.231595,115.29396,115.31779,115.588435
26090,196.711785,196.6915,196.69638,196.711785,196.713005,197.181025
11443,130.93954,130.902,130.926485,130.93954,130.94804,131.46011
11441,114.694325,114.66312,114.666195,114.694325,114.73035,115.274405
1457,106.646805,106.581525,106.605333,106.646805,106.843414,107.014678
11447,114.650455,114.569885,114.643145,114.650455,114.66202,115.142275
21569,91.46801,91.345475,91.42465,91.46801,92.2841,94.077325
11444,114.362935,114.25557,114.274155,114.362935,114.475635,123.89772
11448,120.340155,120.31983,120.338185,120.340155,120.35448,120.78395
5002,88.367634,88.217106,88.28085,88.367634,88.706322,89.046546
5001,150.107166,149.103391,150.021918,150.107166,150.125598,150.668574
21119,9.4424,9.253225,9.41857,9.4424,9.925975,9.96806
3588,140.30902,140.011036,140.062492,140.30902,142.177564,143.525405
5008,91.365906,91.071762,91.275282,91.365906,91.524882,91.882002
17138,103.95035,103.858945,103.9502,103.95035,104.437485,137.85585
3290,113.120279,112.836887,112.877591,113.120279,113.131031,113.320726
17423,11.913145,11.49952,11.71643,11.913145,12.64835,20.228765
17421,93.24322,93.112565,93.17071,93.24322,93.300565,93.624695
17136,85.670735,85.326435,85.343675,85.670735,85.82231,86.57277
13339,120.522005,118.909105,120.324535,120.522005,120.748965,122.702565
13338,112.455145,112.40626,112.40947,112.455145,112.53999,112.90235
904,106.335765,105.332758,106.036246,106.335765,107.14831,107.657494
13333,78.925355,78.887935,78.890205,78.925355,79.006615,79.47305
4423,105.553174,105.361941,105.410325,105.553174,105.711381,105.962518
13330,32.474065,32.30081,32.41999,32.474065,32.811,33.2509
13337,175.11197,160.91984,165.57023,175.11197,175.23707,244.84132
13336,112.27958,112.25933,112.259605,112.27958,112.334865,112.768305
13334,12.192925,12.17715,12.186685,12.192925,12.222685,12.506675
14864,100.63528,100.545565,100.61419,100.63528,101.060125,103.262325
12211,86.293835,86.246485,86.26822,86.293835,86.325835,86.649125
20130,87.440565,87.40031,87.403425,87.440565,87.51832,87.7371
20136,116.90452,116.478195,116.543255,116.90452,116.99065,119.720035
31689,263.847845,263.79987,263.843915,263.847845,263.85493,264.42951
25436,130.12596,130.034225,130.093245,130.12596,130.45549,130.652555
27876,109.948155,108.99336,109.71121,109.948155,111.622065,113.440135
27873,105.18205,105.062345,105.142945,105.18205,105.27305,105.90268
28289,109.759365,109.51024,109.69568,109.759365,109.830805,110.64476
21957,115.386895,113.930795,114.901255,115.386895,115.782545,115.792015
13037,131.91743,131.71534,131.860715,131.91743,132.00139,133.471515
2270,103.363604,103.037972,103.130901,103.363604,103.465749,104.431894
29718,90.180295,89.01309,89.55709,90.180295,90.769155,91.31146
29248,78.265595,78.162085,78.21339,78.265595,78.279385,78.805765
29712,105.775855,105.408325,105.505375,105.775855,106.269975,107.238255
2272,98.264853,98.128149,98.165012,98.264853,98.565141,99.3869
29242,33.912915,33.535965,33.582535,33.912915,34.60225,34.97921
29716,112.93802,112.06427,112.74639,112.93802,114.38919,115.571365
29241,108.780745,107.213245,108.504595,108.780745,108.868455,109.34306
18512,82.08277,81.82528,81.87542,82.08277,82.232065,82.728495
11863,107.67233,105.16518,107.424435,107.67233,107.960155,110.19488
11862,114.78832,114.74046,114.78826,114.78832,114.78937,116.153565
18516,76.511435,75.943095,76.423775,76.511435,77.07871,77.284935
11864,51.31945,50.35409,50.915005,51.31945,58.57911,60.109315
18514,143.57797,142.979315,143.167315,143.57797,144.71298,145.051365
14810,148.96572,148.42626,148.558945,148.96572,149.017715,150.00893
18519,174.66148,172.89791,173.082495,174.66148,175.0694,175.61633
15143,104.759685,104.392375,104.61482,104.759685,104.93188,105.362925
34279,222.497575,222.07249,222.279905,222.497575,223.604355,223.65176
12215,68.809055,68.591455,68.613535,68.809055,68.84131,69.46086
34275,4.52398,3.997255,4.319305,4.52398,4.53816,5.08662
2279,93.274387,93.269779,93.270547,93.274387,93.349651,93.856531
34271,39.566415,36.85079,38.402835,39.566415,41.45447,137.013535
34273,129.67474,128.37908,128.95153,129.67474,130.640505,201.733835
18013,187.323235,187.09995,187.239455,187.323235,187.64973,316.925825
19414,236.74825,236.713615,236.736645,236.74825,236.78784,237.37683
31030,114.27507,113.772685,114.12433,114.27507,117.6428,119.06063
31738,107.843845,107.773305,107.81162,107.843845,108.031945,110.625445
31737,109.20166,109.1222,109.20012,109.20166,109.25471,109.805875
31736,104.75118,104.090125,104.716415,104.75118,105.81584,147.35207
31734,98.649025,98.625655,98.643555,98.649025,98.78575,99.21558
29175,83.166695,82.58851,83.128475,83.166695,83.1964,83.263685
33599,88.485425,87.908405,87.94234,88.485425,88.72585,88.821225
33598,96.403445,96.34066,96.36429,96.403445,96.629495,97.61466
33596,111.65946,111.599045,111.654655,111.65946,111.669405,112.05976
33591,115.581575,115.51376,115.53738,115.581575,115.877115,116.14102
33590,104.5453,103.55569,104.174025,104.5453,105.89444,120.343745
34019,91.649905,91.218015,91.561705,91.649905,92.23281,94.901885
34018,93.641825,93.5084,93.620215,93.641825,93.667555,95.11743
12888,100.58964,100.080925,100.48164,100.58964,100.80979,101.3903
30024,118.31764,117.619695,117.682225,118.31764,119.41918,119.976025
34010,108.601155,108.13105,108.531425,108.601155,108.898375,116.830785
12884,99.025045,98.559395,98.826535,99.025045,99.13055,110.73576
34012,86.756265,86.72639,86.730255,86.756265,86.8745,87.08427
30021,277.31068,277.26687,277.28285,277.31068,277.31713,277.96651
34017,294.6909,294.106995,294.30618,294.6909,294.781315,294.90252
34016,115.332595,113.46344,114.244535,115.332595,115.507205,131.19179
17914,38.99847,38.944185,38.992295,38.99847,39.006715,39.547305
26654,104.466415,103.71421,103.94379,104.466415,104.64524,104.96275
26656,124.006935,123.990015,123.99741,124.006935,124.04271,124.248865
26658,117.019395,116.959765,116.98372,117.019395,117.448275,118.874295
14765,84.57222,84.374195,84.558385,84.57222,84.61368,84.842425
14761,93.79767,93.41043,93.505455,93.79767,94.12406,95.664355
24245,85.208375,85.08442,85.20694,85.208375,85.631415,85.735795
6075,75.40262,75.367441,75.38916,75.40262,75.483691,75.980574
14769,118.17615,117.74472,117.852895,118.17615,121.49564,121.61821
14768,108.295665,107.92624,108.134505,108.295665,108.637305,109.945825
1472,89.19477,89.07957,89.147922,89.19477,89.217042,89.478162
1477,105.196821,103.778325,103.946517,105.196821,105.740566,105.783574
12465,216.62491,216.58948,216.600675,216.62491,216.635365,217.040505
28590,231.65925,230.72168,231.404905,231.65925,235.85807,235.925675
28593,164.899695,164.24286,164.52224,164.899695,165.03711,166.327395
28040,137.8231,133.63389,134.867365,137.8231,140.614695,156.15315
23024,224.963235,224.93588,224.940425,224.963235,225.005355,225.49188
28594,84.874445,84.74805,84.815415,84.874445,84.934725,85.293245
28597,82.21234,81.445165,81.913605,82.21234,82.22753,82.30369
22379,84.48879,84.074665,84.273235,84.48879,84.83815,85.340385
22378,99.093285,98.85191,98.95764,99.093285,99.17578,99.308595
22373,106.274605,105.818865,106.181215,106.274605,106.84377,107.186475
22370,78.90452,78.8349,78.83596,78.90452,79.29364,79.44919
31561,106.667715,106.482125,106.63724,106.667715,106.693905,108.352875
22376,81.756105,81.73105,81.742,81.756105,82.032625,82.617525
31191,93.750035,93.621415,93.64537,93.750035,93.7772,94.08621
31190,111.99928,111.236315,111.375115,111.99928,112.570585,123.184405
13939,89.6434,89.583715,89.62358,89.6434,89.647835,90.01598
4229,117.62076,117.245208,117.357336,117.62076,117.70908,118.200601
32258,144.53603,144.47272,144.52261,144.53603,144.624505,145.137315
31198,125.399235,125.35626,125.39553,125.399235,126.039145,126.23967
13931,131.6141,131.356405,131.44604,131.6141,131.85898,132.46414
4222,130.157594,126.092569,127.855898,130.157594,130.165274,130.472474
4223,95.996947,95.835667,95.912467,95.996947,96.341779,97.250324
24,76.34152,75.973648,76.267792,76.34152,76.813072,81.596176
26,88.646418,88.12341,88.55349,88.646418,88.757778,88.877586
24798,205.62742,205.491935,205.610375,205.62742,205.64888,206.063015
20,87.396882,87.12885,87.29013,87.396882,87.467538,88.126482
28,85.564433,85.025297,85.102097,85.564433,85.665041,88.007442
28628,149.57981,148.37157,148.71125,149.57981,149.609175,151.108965
19855,108.17938,104.6441,106.43767,108.17938,109.34978,109.70001
11274,155.08442,155.048595,155.07218,155.08442,155.154225,155.845405
11275,129.051545,128.702155,128.970415,129.051545,129.240265,129.38252
13688,18.335775,18.030725,18.22728,18.335775,18.769405,21.631035
11272,89.07303,87.780475,88.012245,89.07303,89.265875,92.111745
13681,3.902795,3.202875,3.86261,3.902795,3.935435,4.526
13680,99.37968,98.790135,98.981955,99.37968,99.58438,102.34234
13687,137.44706,137.22199,137.323435,137.44706,137.5799,138.30504
13686,88.9795,88.627315,88.81856,88.9795,90.867585,92.895875
32941,90.708175,90.47245,90.69212,90.708175,90.84422,92.470275
19063,86.639105,86.57131,86.632735,86.639105,86.742945,86.913755
19065,33.64094,31.552755,32.543955,33.64094,33.73576,39.01754
32944,114.6162,113.288135,113.51215,114.6162,114.64949,115.792135
32947,185.904905,185.8825,185.889065,185.904905,185.93232,186.611725
19066,166.18464,165.93641,166.155905,166.18464,166.41005,168.380075
23684,106.097265,105.95164,105.97288,106.097265,106.15005,109.142045
32948,81.95316,74.10995,74.963675,81.95316,83.27469,85.139095
23686,113.85059,113.778285,113.80804,113.85059,113.98651,114.343465
25354,125.8109,125.75186,125.774495,125.8109,125.81445,126.32674
25355,238.408535,238.386095,238.395825,238.408535,238.421235,248.97635
25351,125.68769,125.438625,125.63142,125.68769,126.221735,129.59286
17414,74.81784,74.565545,74.59901,74.81784,74.88057,102.941345
19486,111.28491,111.15952,111.192525,111.28491,111.444085,112.916175
25686,79.550285,79.51118,79.512485,79.550285,79.918425,80.51997
25684,194.089155,194.081575,194.086235,194.089155,194.19547,194.52278
23978,23.338615,23.26943,23.30499,23.338615,23.475805,23.668825
23973,125.335745,125.265045,125.322355,125.335745,125.46901,126.007565
4315,117.134616,117.081624,117.130776,117.134616,117.150744,117.913368
23971,177.51122,177.206945,177.325805,177.51122,178.972125,180.05894
27268,238.464565,238.38136,238.45125,238.464565,238.564315,239.61976
27262,86.16476,84.356205,84.987115,86.16476,86.317215,86.51308
27265,94.55235,94.46271,94.49919,94.55235,94.595125,95.032265
2288,106.520086,106.45327,106.513942,106.520086,106.61839,107.143701
2289,67.95035,67.601678,67.889678,67.95035,67.995662,69.314318
25535,163.880115,161.898785,162.180165,163.880115,165.357855,165.785915
2281,95.526163,95.478547,95.502355,95.526163,95.527699,96.102164
2282,88.486674,88.065043,88.319251,88.486674,88.493587,89.190162
2285,83.824145,83.388689,83.499281,83.824145,84.877074,87.361554
2287,129.176859,129.173786,129.173787,129.176859,129.231386,129.513242
19684,125.1132,124.914795,125.024315,125.1132,125.270805,126.267235
32360,107.406525,104.249685,105.874255,107.406525,111.91542,117.82976
32363,171.167495,170.96696,171.098775,171.167495,171.24301,171.67442
32362,102.71287,101.861095,101.98715,102.71287,103.07941,103.84693
32369,101.79687,99.768655,101.000875,101.79687,102.65211,102.75592
32368,10.02234,6.27147,8.34555,10.02234,10.605505,13.10554
13448,104.757685,104.561315,104.68268,104.757685,104.80825,105.296705
30104,94.139225,93.975805,94.033085,94.139225,94.677375,94.79593
2057,113.618711,113.065751,113.166359,113.618711,114.458135,130.047002
10905,66.39586,65.53644,66.254835,66.39586,66.4354,67.592635
2059,144.675102,143.777309,143.822621,144.675102,150.80451,154.278943
10907,131.64285,131.336785,131.499195,131.64285,131.70428,132.04612
33677,31.269005,31.232875,31.262685,31.269005,31.30864,31.823605
17306,125.358255,125.28718,125.353885,125.358255,125.41141,125.876875
30101,146.17727,146.128155,146.16219,146.17727,146.19585,146.64571
17304,31.12635,28.26214,29.24903,31.12635,31.63562,32.272355
20767,108.2585,108.09969,108.14741,108.2585,108.32152,108.78138
4825,68.451854,68.419598,68.419598,68.451854,68.488718,69.169165
10659,150.354645,150.34428,150.34859,150.354645,150.38062,150.7943
10658,238.670525,237.838185,238.059455,238.670525,238.718115,239.17608
4822,122.009113,121.980697,121.998361,122.009113,122.135833,122.734872
10657,36.71041,36.65627,36.686225,36.71041,36.83529,37.303465
10303,59.8333,59.80686,59.82629,59.8333,59.868135,60.27739
10650,231.16422,230.901815,231.12121,231.16422,231.18467,231.506885
10301,38.57865,38.50029,38.521545,38.57865,38.583125,38.990635
4823,88.672531,88.302355,88.601875,88.672531,88.697875,89.213202
19472,112.90482,112.885835,112.902045,112.90482,112.935225,113.34401
30676,145.08719,145.06178,145.064485,145.08719,145.090265,145.77763
16438,234.77769,234.3759,234.6127,234.77769,235.21117,239.52233
29292,100.233385,99.372485,99.46571,100.233385,101.56847,102.933625
6288,5.016172,4.984852,5.010097,5.016172,5.037102,5.546765
6289,0.581359,0.541849,0.562515,0.581359,0.585759,0.96573
6284,104.624174,104.504155,104.562354,104.624174,104.632018,105.685901
6285,15.024873,15.017813,15.017998,15.024873,15.027583,15.559692
6286,7.185697,7.139958,7.177462,7.185697,7.22221,7.437893
6287,70.23878,70.173113,70.21874,70.23878,70.338172,70.583794
6280,16.472962,16.436706,16.445486,16.472962,16.498542,17.059584
6281,88.827919,88.786956,88.809804,88.827919,89.091144,89.569193
6282,104.126726,104.122417,104.123627,104.126726,104.188803,104.546441
6283,88.025849,87.974101,88.011298,88.025849,88.10798,88.597617
20833,24.05021,24.01574,24.047645,24.05021,24.29836,24.71104
26137,15.6179,15.16801,15.611605,15.6179,16.072465,19.03341
26133,104.978605,104.778995,104.9631,104.978605,105.169225,105.39055
4320,110.27791,109.380119,109.39471,110.27791,110.645015,111.681046
28347,101.45932,101.389915,101.448005,101.45932,101.46672,103.197885
6337,95.658664,95.632942,95.646531,95.658664,95.713138,96.353259
21302,80.72758,80.66187,80.726555,80.72758,80.89258,81.2291
21300,107.493035,107.4751,107.479705,107.493035,107.51274,108.095675
21308,92.68641,92.519945,92.604835,92.68641,92.72521,93.23474
869,108.60751,108.552982,108.596758,108.60751,108.734998,109.290262
868,255.419188,255.093555,255.3301,255.419188,255.52978,255.574324
11628,101.680465,101.63817,101.67887,101.680465,101.736615,102.193245
3448,96.834836,96.797971,96.82178,96.834836,96.920084,97.400084
22967,99.185925,97.557515,97.65367,99.185925,103.758705,109.21032
22964,115.63356,115.42425,115.599385,115.63356,115.870325,117.46426
3446,87.107346,86.612754,86.916114,87.107346,87.56277,88.09653
865,79.790608,79.653136,79.742992,79.790608,79.849744,80.1508
867,83.744273,83.705105,83.733521,83.744273,83.747345,84.315665
3442,95.798036,95.793427,95.794196,95.798036,95.821844,96.089875
2024,112.80463,112.60495,112.628758,112.80463,112.819991,112.849943
2026,88.132626,88.07733,88.109586,88.132626,88.220178,88.751633
2755,133.599003,132.853275,132.918554,133.599003,134.214939,144.854045
2020,86.935314,86.819346,86.879249,86.935314,86.986002,87.803922
2021,93.755923,93.56085,93.753619,93.755923,93.853459,94.374163
2750,103.656213,103.400469,103.484949,103.656213,103.688469,106.402582
2023,96.224275,95.555348,95.606804,96.224275,96.235028,96.392468
3144,101.376788,100.594196,100.720148,101.376788,101.724693,102.018836
19655,114.378175,114.318815,114.338595,114.378175,114.398255,114.938195
2029,109.531414,109.269526,109.34863,109.531414,109.827862,110.09743
2758,123.531289,123.264025,123.426073,123.531289,123.714841,564.201329
10152,121.42801,121.399235,121.42174,121.42801,121.524675,122.14193
14598,88.41319,88.406585,88.412095,88.41319,88.45441,89.10407
3148,83.643665,83.139089,83.168273,83.643665,85.287185,99.96674
10151,87.509975,87.35721,87.389305,87.509975,87.58578,88.15913
14154,107.07252,107.000005,107.04358,107.07252,107.11502,107.26435
14152,83.751845,83.739535,83.747965,83.751845,83.79773,84.158735
10154,125.01265,124.845615,124.893885,125.01265,125.137195,126.305315
13108,58.83094,58.72511,58.78537,58.83094,58.850295,59.26499
13109,19.353615,19.086515,19.11274,19.353615,19.522675,19.963265
33190,176.639335,176.547475,176.57204,176.639335,176.652675,177.624065
13106,105.65345,105.45424,105.54367,105.65345,106.794255,108.82986
33441,222.59522,222.399675,222.476845,222.59522,222.64519,223.72423
18655,81.656765,81.6307,81.65269,81.656765,81.68852,82.156395
18305,107.514345,107.438875,107.513485,107.514345,107.570645,108.5485
18304,145.14891,145.108055,145.1476,145.14891,145.15131,145.550265
3537,101.774612,101.572629,101.700117,101.774612,101.865237,102.793748
18659,91.74848,91.4847,91.572755,91.74848,91.75813,92.168655
18309,75.75059,75.695945,75.7482,75.75059,76.01587,76.053635
33446,93.20037,93.06412,93.165395,93.20037,93.24535,93.393375
28458,110.556165,110.30093,110.49363,110.556165,110.573125,111.072755
14379,125.520385,123.98552,124.52056,125.520385,125.77048,127.61608
33197,490.635915,395.935615,400.238395,490.635915,504.168735,603.39438
3059,94.877971,94.846483,94.871059,94.877971,94.983955,95.705876
33902,107.85542,105.679045,106.564395,107.85542,109.47449,109.746535
28451,103.613385,102.158035,103.170465,103.613385,104.04725,105.221325
14370,86.01365,85.761735,85.82515,86.01365,88.2713,89.49147
33901,105.4842,105.47607,105.48248,105.4842,105.575585,106.92541
14376,645.259785,644.86876,645.241335,645.259785,646.161195,651.80626
3053,126.259993,126.224665,126.250777,126.259993,126.389017,126.928154
27530,137.57155,136.6676,137.43058,137.57155,138.54078,141.69966
20306,248.13753,247.87561,248.0234,248.13753,248.211065,248.572715
27460,86.537085,86.40262,86.45992,86.537085,86.66942,87.291625
20302,85.15436,85.060995,85.101355,85.15436,85.19392,85.62251
20303,114.538645,114.301275,114.53627,114.538645,114.672695,115.986925
19261,18.485015,18.315575,18.35158,18.485015,20.35907,20.50399
32707,141.63321,141.229705,141.23007,141.63321,142.305195,142.77774
16768,98.92674,98.03535,98.56299,98.92674,101.578745,101.74718
15685,81.806065,81.719325,81.745385,81.806065,81.840065,82.654545
29053,196.828635,193.956055,196.670855,196.828635,197.24708,198.09656
29509,113.886165,112.5834,113.169105,113.886165,113.9179,114.41163
29505,115.440665,113.32783,114.5057,115.440665,116.398135,120.18116
8,86.032913,85.781009,85.853969,86.032913,86.122002,86.843153
29506,110.11173,109.12562,109.833185,110.11173,111.120195,112.763085
29501,94.28244,94.04752,94.266385,94.28244,94.513525,94.96568
29503,112.11231,111.32215,112.041945,112.11231,112.37753,113.03624
29502,106.99673,106.11876,106.98463,106.99673,107.788265,109.722405
1316,148.468254,148.449822,148.46595,148.468254,148.48515,149.037342
1315,105.107733,104.920341,105.007125,105.107733,105.686038,119.109144
1314,93.693715,93.464851,93.493267,93.693715,97.176595,97.509908
1313,116.784408,115.421207,116.127,116.784408,117.338904,121.170457
1312,89.27157,89.201682,89.216274,89.27157,89.903634,90.096402
1310,93.477907,93.267475,93.472531,93.477907,93.612307,123.752473
19731,103.03668,103.02302,103.034885,103.03668,103.042305,103.501725
28902,197.383825,197.30077,197.3793,197.383825,197.49788,198.02139
28903,115.3226,115.14837,115.302705,115.3226,116.630045,117.73424
23761,222.462845,221.87279,222.445675,222.462845,222.68707,223.868005
1318,207.701034,207.62961,207.681834,207.701034,208.871466,210.103338
12437,198.14549,198.037725,198.12488,198.14549,198.182985,198.814375
34487,115.955365,115.88626,115.91448,115.955365,115.98243,116.328195
30905,103.43798,103.399315,103.43492,103.43798,103.648875,104.175045
34485,271.4462025,262.95127,271.088195,271.80421,331.67312
34483,109.204075,108.678245,108.89578,109.204075,109.209975,109.931695
34480,97.829925,97.66656,97.762955,97.829925,97.88551,98.277135
15350,112.24881,112.21132,112.24239,112.24881,112.263625,112.834175
27074,124.51709,124.448915,124.495855,124.51709,124.61493,125.32008
12439,88.027245,87.992675,88.00547,88.027245,88.167645,88.25368
12438,105.382675,105.1973,105.360095,105.382675,105.549115,105.62981
33611,37.83494,34.544975,36.234815,37.83494,38.713875,39.254595
31500,101.39286,101.23388,101.375655,101.39286,102.00808,110.944925
31502,106.48855,106.282955,106.284675,106.48855,106.49726,106.841325
31503,109.452715,109.226395,109.35869,109.452715,110.086385,110.187615
31056,100.154595,99.475985,100.112535,100.154595,100.243955,100.446505
31505,267.578425,267.438315,267.47723,267.578425,267.701045,269.96737
31054,109.55201,109.247485,109.395775,109.55201,110.083585,111.167455
31507,110.28496,110.18039,110.24895,110.28496,110.509075,111.088005
35027,109.429245,106.59855,108.666225,109.429245,110.05677,132.45009
35025,205.3386,204.692845,205.235595,205.3386,205.64852,206.023715
35024,37.376545,37.12366,37.22884,37.376545,37.60138,37.698
35023,172.05861,171.37228,171.554515,172.05861,172.33659,172.88744
33045,38.992595,38.9272,38.978935,38.992595,38.994285,39.433175
35021,106.167205,106.11574,106.15493,106.167205,106.172135,106.473305
35020,64.48314,64.426845,64.471635,64.48314,64.523595,65.093455
13190,89.47256,89.45457,89.45867,89.47256,89.503135,89.92743
32558,100.80731,100.782745,100.79877,100.80731,100.822165,101.224125
19479,115.573695,114.472305,115.38855,115.573695,115.83959,117.23421
19476,93.84678,92.80196,93.50711,93.84678,93.84741,94.45881
18844,103.007055,102.311855,102.488895,103.007055,103.32292,103.704785
32886,264.395495,264.13254,264.378645,264.395495,264.533385,264.58835
32880,104.05509,104.036165,104.03713,104.05509,104.54246,105.015265
32553,96.083425,92.24319,94.99894,96.083425,99.0768,103.911775
3946,128.622363,128.452635,128.458779,128.622363,128.928027,129.659162
3947,61.860876,61.756429,61.766412,61.860876,62.039052,62.429196
6086,192.84305,192.54853,192.676492,192.84305,192.920553,193.238186
34739,14.3372,13.709485,14.15102,14.3372,14.38355,14.881675
12076,81.97056,81.92011,81.92786,81.97056,81.971285,82.371225
34735,112.68806,112.620865,112.687,112.68806,112.90301,113.333625
34737,18.937055,18.827305,18.852625,18.937055,18.95758,19.28127
34730,107.99035,107.827955,107.916555,107.99035,108.07398,108.74822
34731,108.149845,107.738325,108.102215,108.149845,108.365485,109.17573
34732,50.08458,48.609975,48.974205,50.08458,50.291145,84.201605
34733,83.001675,82.717035,82.84073,83.001675,83.13674,83.24561
6085,109.472279,109.423284,109.443614,109.472279,109.937661,110.464264
35289,46.642255,46.433725,46.57911,46.642255,47.482455,50.3859
24472,121.647375,121.557045,121.624995,121.647375,121.65199,122.178745
12071,98.88057,98.755325,98.83422,98.88057,99.057095,99.1814
24471,99.02503,98.086155,98.209465,99.02503,99.0412,99.57342
35283,18.619225,18.606735,18.609245,18.619225,18.621495,19.130785
6081,89.02114,88.950295,88.98761,89.02114,89.13452,89.36465
35285,135.639645,135.580665,135.58443,135.639645,135.671785,136.30093
32778,125.108575,123.38381,124.525335,125.108575,125.265775,127.052365
19219,141.70789,141.687555,141.707405,141.70789,142.0438,142.33719
32772,163.437785,162.72812,163.322645,163.437785,163.467615,163.966415
32773,108.707965,108.67396,108.68723,108.707965,108.70869,109.033365
32770,109.46382,109.19077,109.368095,109.46382,109.69189,110.56805
19211,281.46605,277.60971,279.420525,281.46605,282.264125,285.57593
32776,172.41024,167.686055,170.4307,172.41024,179.242195,196.33542
19214,9.424625,8.958345,9.24065,9.424625,9.471985,11.083695
12175,106.63223,106.552025,106.55787,106.63223,106.669985,107.368425
22418,202.975,202.83988,202.947885,202.975,203.222835,204.23177
22144,215.8298,213.97901,214.477255,215.8298,217.92626,230.27167
22145,100.39983,100.336235,100.37782,100.39983,100.416425,100.923105
22146,108.02955,107.877925,108.028745,108.02955,108.16127,108.43454
22415,117.15181,116.311345,116.73712,117.15181,117.73973,118.319405
22143,116.373685,116.305495,116.357805,116.373685,116.476585,117.015805
13746,275.954535,275.56885,275.648895,275.954535,279.1151,312.34702
13745,95.651915,93.65192,94.9046,95.651915,96.071495,102.87186
13742,94.75553,94.72242,94.74651,94.75553,94.7764,95.224145
4052,84.939281,84.827921,84.909329,84.939281,85.199633,85.349394
13740,121.61464,121.31058,121.566915,121.61464,121.63717,122.26136
13741,217.238965,217.096845,217.19701,217.238965,217.298025,217.83602
26300,234.819,234.331655,234.741315,234.819,234.94161,235.44356
3611,124.632602,124.520474,124.55273,124.632602,125.086489,132.806427
3613,125.909018,125.889818,125.89673,125.909018,125.929754,126.523418
27920,78.32314,78.24587,78.313355,78.32314,78.45092,78.844395
21823,98.442485,98.14756,98.357825,98.442485,98.534575,98.626055
21824,105.15798,103.140155,103.574415,105.15798,105.53727,106.156255
21825,93.238695,84.714345,91.858465,93.238695,99.392745,100.37894
3842,127.926554,127.775258,127.891226,127.926554,128.046362,128.862746
2569,98.166547,97.688084,97.765652,98.166547,98.751764,128.912666
33415,3.875765,3.477945,3.56251,3.875765,4.110165,4.265285
2561,97.650452,97.267988,97.345556,97.650452,99.051284,111.512086
2565,90.076434,89.927442,89.967378,90.076434,91.305234,91.677715
2566,90.272274,89.995026,90.176274,90.272274,90.343698,90.572562
11429,126.852195,126.51673,126.754215,126.852195,126.95797,127.28854
32085,84.99434,83.929105,84.065645,84.99434,85.37739,85.771635
32080,81.1224,80.89425,80.97086,81.1224,81.170915,81.592665
32081,331.70609,327.905585,330.281175,331.70609,353.261145,368.09195
32082,161.024165,160.246665,160.462525,161.024165,161.061865,161.179615
11421,102.347785,102.268065,102.31923,102.347785,102.4198,103.165445
11420,97.58268,97.45348,97.505905,97.58268,97.7716,98.328025
11423,128.52563,128.499995,128.50934,128.52563,128.830985,130.686715
11425,107.61469,107.592365,107.59879,107.61469,107.618765,108.162415
32089,92.163485,91.928315,91.957355,92.163485,92.27508,92.582925
27209,143.27317,142.983435,143.034025,143.27317,143.37202,144.17007
17114,94.23402,93.88374,93.89068,94.23402,94.414325,94.98539
17113,90.26321,89.963655,90.219385,90.26321,90.290385,91.090765
17110,92.8536,92.40691,92.730425,92.8536,92.876475,92.993885
17119,245.04444,244.76319,244.77668,245.04444,245.3416,245.528875
4440,125.717786,125.567258,125.614873,125.717786,125.858329,126.259226
24581,135.797075,135.685925,135.7481,135.797075,135.809475,136.105555
4444,116.805144,116.749847,116.769816,116.805144,116.818968,117.422615
4446,96.153619,96.070675,96.137491,96.153619,96.229651,96.796435
4448,98.590484,97.305619,97.98146,98.590484,99.313172,101.17634
13358,89.988095,89.203375,89.34364,89.988095,90.525855,90.90187
964,83.247376,83.235857,83.247376,83.247376,83.462417,83.851793
965,125.527321,125.507353,125.514265,125.527321,125.528857,128.15081
966,80.199952,80.1892,80.196112,80.199952,80.247568,80.524048
960,111.118103,110.820119,110.891543,111.118103,111.168023,111.509014
962,93.765907,93.748243,93.757459,93.765907,93.788179,94.167571
968,99.0413,98.424596,98.89922,99.0413,99.723283,156.202784
24815,93.9513,93.755885,93.846245,93.9513,93.96389,94.578875
24817,121.35451,120.0343,120.477175,121.35451,122.457305,122.87327
24811,123.83786,123.800495,123.800565,123.83786,123.83831,124.365145
20151,239.06351,239.043605,239.05391,239.06351,239.11426,239.55431
3657,139.358236,139.301404,139.34902,139.358236,139.41814,140.012572
34947,121.713865,121.05883,121.303505,121.713865,121.91529,122.18401
13010,128.47749,128.44099,128.46343,128.47749,128.616645,129.170955
20916,113.040705,112.13586,112.96915,113.040705,115.546425,118.32488
34944,87.887595,87.75937,87.847275,87.887595,87.928205,88.43374
1240,99.507476,99.303956,99.307028,99.507476,100.52738,101.03042
34941,101.471675,99.99364,100.493845,101.471675,102.17291,104.274055
24824,77.13326,76.354505,76.99851,77.13326,77.13706,93.0126
28498,82.174915,82.10704,82.122725,82.174915,82.18767,82.80611
20394,99.20452,98.73897,98.984345,99.20452,99.354845,100.05233
10113,122.22455,122.17381,122.215415,122.22455,122.24859,122.63509
28499,100.41635,100.087725,100.33344,100.41635,100.47357,100.56288
21674,92.128355,91.91122,91.952795,92.128355,92.606615,93.138315
3094,79.218449,79.130129,79.152401,79.218449,79.241489,79.593232
27895,108.20863,108.08419,108.090725,108.20863,108.465255,108.46854
27894,127.843985,127.802955,127.836575,127.843985,127.870855,128.42628
19933,95.997675,95.859405,95.89395,95.997675,96.07521,96.418385
646,85.572882,85.543698,85.56213,85.572882,85.583634,86.178833
29266,112.968445,112.422295,112.49483,112.968445,112.994465,113.4319
10465,62.565545,60.878395,61.64577,62.565545,63.26393,65.51418
29260,233.727905,233.27929,233.341825,233.727905,234.62702,235.523445
29261,134.999875,134.707785,134.75658,134.999875,135.811915,135.871995
29262,115.69917,115.634555,115.674395,115.69917,115.74307,116.19032
3098,126.880538,126.78377,126.793754,126.880538,127.019546,127.243802
3237,81.868048,81.852688,81.865744,81.868048,81.916432,82.519313
3099,97.707284,97.68194,97.6973,97.707284,97.745684,98.7725
28490,81.29537,81.28838,81.289425,81.29537,81.305945,81.64113
33759,71.93347,71.48972,71.87875,71.93347,72.70814,74.175355
11848,105.20069,104.74604,104.787195,105.20069,106.02021,106.517055
33025,111.903645,111.879975,111.883715,111.903645,111.911085,112.350595
33024,210.782235,210.450435,210.74797,210.782235,210.91274,211.28454
11845,124.077145,124.05903,124.07632,124.077145,124.12928,124.668185
33754,172.089,171.845445,171.96171,172.089,172.51606,174.843685
18534,110.1695,110.07231,110.13282,110.1695,110.197655,110.565545
11842,70.137965,70.022575,70.075385,70.137965,70.320735,70.75517
11841,102.41766,101.876655,101.978665,102.41766,102.441145,102.82494
33750,123.60346,123.562215,123.570925,123.60346,123.687845,124.083385
33755,146.111055,145.6347,145.748,146.111055,147.507145,147.807075
30598,59.554735,58.97371,59.462015,59.554735,59.614525,59.85968
30229,246.89612,246.56422,246.774445,246.89612,246.914475,247.352515
30594,83.610435,83.581015,83.583135,83.610435,83.76709,84.043315
30595,84.512625,84.279915,84.445885,84.512625,84.520635,85.263605
30597,84.47097,84.45484,84.45975,84.47097,84.52645,85.63491
30590,145.037795,144.699325,144.894205,145.037795,145.148495,145.92969
34256,145.66565,141.338185,141.820685,145.66565,148.838225,150.216325
30220,101.92576,101.451365,101.71962,101.92576,102.494725,103.241935
30221,117.05738,116.861975,116.87399,117.05738,117.14631,117.245635
29192,81.77984,81.73679,81.74942,81.77984,81.792015,82.16102
29193,87.12986,87.059095,87.09337,87.12986,87.13369,87.53081
30522,94.060115,90.2014,92.76843,94.060115,95.81563,101.634165
28813,95.77668,95.280165,95.703065,95.77668,95.96744,111.72929
29196,148.77558,148.48179,148.57093,148.77558,148.86851,149.951305
29198,208.64117,208.364015,208.384465,208.64117,209.024385,214.975595
18795,76.18828,75.486385,75.573005,76.18828,77.103605,78.518195
18790,253.45286,253.345815,253.36343,253.45286,253.762535,253.83176
18791,63.32621,63.0454,63.23657,63.32621,63.494465,63.826185
21980,95.30742,95.124725,95.30552,95.30742,95.51897,95.82095
30043,105.83631,105.776435,105.798695,105.83631,105.930035,106.22812
30040,107.30025,107.024935,107.06918,107.30025,107.59077,107.864155
30041,113.431655,112.696045,112.815225,113.431655,113.889515,113.98775
4498,118.051608,117.881112,117.898776,118.051608,118.128408,118.933272
30044,127.651135,127.467455,127.48629,127.651135,127.693345,128.862385
30045,66.055725,65.1365,65.882145,66.055725,66.07432,66.566995
29998,109.74123,108.551825,109.7027,109.74123,109.88121,110.486315
29991,723.95672,694.373695,707.2457,723.95672,738.427865,793.944745
29994,106.76884,106.54939,106.583315,106.76884,106.79053,106.91343
14743,106.37191,101.470075,102.943885,106.37191,107.403955,108.70237
28025,88.80472,88.65904,88.705585,88.80472,88.844385,89.457045
14746,105.207895,105.17239,105.20579,105.207895,105.414345,106.00814
14745,94.423975,93.292145,93.43133,94.423975,95.465575,96.546685
4100,130.648346,130.58153,130.646811,130.648346,130.835738,131.356442
28028,117.472025,115.332565,116.01527,117.472025,118.0991,119.896835
14748,26.55051,26.3986,26.51002,26.55051,26.854285,26.92275
14355,99.08316,98.326065,98.97414,99.08316,99.593705,100.25403
24265,232.74249,232.6493,232.723005,232.74249,232.79143,233.364615
1419,107.392534,105.768982,105.949462,107.392534,107.882518,110.530582
4102,111.490582,109.213462,111.134998,111.490582,112.930583,128.083226
33472,222.131095,222.098805,222.11237,222.131095,222.24848,222.67664
1410,143.318813,143.271197,143.313437,143.318813,143.381789,143.964701
1412,84.442385,84.394769,84.397841,84.442385,84.656658,84.980754
1415,118.362648,118.056216,118.207512,118.362648,118.509336,119.034648
15675,85.11464,85.078065,85.08648,85.11464,85.148205,85.591275
4208,123.093529,122.94684,123.08892,123.093529,123.345432,123.989017
4108,101.573396,101.438228,101.544212,101.573396,102.590229,103.106325
4203,125.571866,125.448985,125.528857,125.571866,125.632538,126.627098
13911,89.426565,89.377585,89.387815,89.426565,89.55635,90.0188
4207,128.864282,128.448794,128.508698,128.864282,128.871962,129.073946
4204,135.902235,135.827739,135.867675,135.902235,135.963676,136.705564
4205,141.328156,141.254428,141.28438,141.328156,141.961756,146.423069
34035,88.04161,87.69525,88.03652,88.04161,88.5991,89.23784
17367,118.289115,118.27759,118.28414,118.289115,118.301125,118.918525
34032,90.714455,90.46191,90.641275,90.714455,90.89633,91.247365
34039,94.474245,93.80882,93.822235,94.474245,96.050125,98.419605
31315,269.341565,269.14303,269.16404,269.341565,269.44842,269.66231
31314,98.389665,95.59952,96.362835,98.389665,100.3804,101.73493
31316,204.47153,204.43465,204.46387,204.47153,204.562915,204.64039
35343,91.674465,91.637955,91.658245,91.674465,91.703395,91.887105
31313,83.993885,82.570505,83.011015,83.993885,84.79379,91.864795
301,220.340012,220.246316,220.332332,220.340012,220.816941,221.505836
302,116.11164,115.796759,115.860503,116.11164,116.94108,119.6982
304,80.610832,80.23912,80.444176,80.610832,80.668432,81.820431
305,333.911875,333.436483,333.567811,333.911875,334.008643,335.86874
306,231.998254,231.962158,231.985198,231.998254,232.106542,232.547375
307,155.960095,155.565343,155.869471,155.960095,157.262624,166.583074
11212,87.662325,87.645655,87.649115,87.662325,87.843655,88.273845
11213,96.01998,95.973555,95.983045,96.01998,96.02166,96.39781
11210,99.494195,98.901635,99.227465,99.494195,99.979425,118.6512
11211,102.008955,101.55695,101.983635,102.008955,102.564965,102.669605
11217,78.25014,78.22339,78.24035,78.25014,78.309995,78.748425
11215,2.63704,2.561055,2.60514,2.63704,2.639055,2.9792
1491,94.001683,93.923347,93.993235,94.001683,94.193683,95.811859
11218,153.760525,153.558295,153.67331,153.760525,154.050035,156.31992
11219,127.77802,127.74659,127.75703,127.77802,127.8118,128.082955
28511,79.713395,79.421685,79.541415,79.713395,80.387425,80.610775
19048,243.72233,243.641165,243.67706,243.72233,244.303655,244.726705
32966,98.481415,98.465565,98.476365,98.481415,98.52055,99.025675
32965,100.16515,99.898595,99.92053,100.16515,100.17596,100.628665
19044,127.902015,127.814215,127.83579,127.902015,127.945915,128.21228
32963,233.65315,233.619445,233.62498,233.65315,234.09414,234.20221
32962,246.68406,246.62612,246.635535,246.68406,246.69915,247.605075
32961,100.260285,100.227415,100.245305,100.260285,100.40856,100.990195
22311,108.12378,107.890115,107.977695,108.12378,108.177315,109.109115
22310,105.55074,105.32321,105.38397,105.55074,105.67849,105.7141
22313,93.233,93.047,93.226,93.233,93.325,93.856
3356,97.98146,97.936148,97.936916,97.98146,97.992212,98.708756
22316,99.149385,99.075865,99.10043,99.149385,99.280655,99.663425
22319,110.79115,110.7166,110.788415,110.79115,110.88164,111.170375
27793,103.41776,101.847615,102.950325,103.41776,103.670375,104.22021
27790,93.90511,93.78237,93.799855,93.90511,93.953805,95.014275
12786,211.19832,211.171365,211.19147,211.19832,211.30605,211.64053
27797,199.24933,199.063335,199.165855,199.24933,199.312185,199.54276
25333,106.588535,105.67217,105.683435,106.588535,107.4696,108.637595
555,100.518933,100.442133,100.499733,100.518933,100.618773,100.91906
25331,109.971975,109.652885,109.907565,109.971975,109.975035,110.43838
25336,116.51003,116.36873,116.50455,116.51003,116.752055,117.251145
25334,102.336635,102.231885,102.288275,102.336635,102.37774,102.6951
25335,96.21831,96.200195,96.202465,96.21831,96.22283,96.724875
25339,101.00159,100.97784,100.98332,101.00159,101.087635,103.14886
23956,23.06232,23.022595,23.02656,23.06232,23.11646,23.618905
23408,122.890455,122.32343,122.624355,122.890455,123.282235,127.17711
23409,295.73935,295.658505,295.73867,295.73935,295.75505,296.319805
27242,70.04074,69.94649,70.021165,70.04074,70.09155,70.54303
27245,93.20001,92.77607,92.907905,93.20001,93.699425,94.572435
4893,163.654689,163.079457,163.520288,163.654689,165.418786,179.966244
32343,116.25203,115.78838,116.143905,116.25203,116.30136,116.683075
32341,30.76139,30.751935,30.757205,30.76139,31.04608,31.463395
32340,257.07265,256.2929,256.81186,257.07265,257.625985,258.39812
4895,95.844115,95.827219,95.829523,95.844115,95.867155,96.351764
16185,97.75021,97.647365,97.72223,97.75021,97.775625,98.235005
32401,82.94052,82.8598,82.86949,82.94052,83.11431,83.28777
32348,99.606325,99.57593,99.592655,99.606325,99.607055,100.046475
6118,78.378848,78.316364,78.332234,78.378848,78.505328,78.753346
12748,76.73356,76.66832,76.698775,76.73356,76.80643,77.44336
6114,282.514806,282.41673,282.507014,282.514806,282.559204,282.87894
3896,126.403609,126.275353,126.294553,126.403609,126.419737,126.92201
6116,116.326113,116.218626,116.284909,116.326113,116.342408,116.501088
6117,93.900319,93.828845,93.832101,93.900319,94.004011,94.286295
6110,97.835449,97.792164,97.833719,97.835449,97.874774,98.386727
6111,115.351693,115.325284,115.327124,115.351693,115.418116,115.802308
6112,115.565959,115.526013,115.542603,115.565959,115.575885,116.031773
6113,83.262692,83.147283,83.227231,83.262692,83.286063,83.599485
10923,88.94385,88.74848,88.907005,88.94385,88.94826,89.18711
10921,104.63973,104.54875,104.615435,104.63973,104.667965,105.035565
10920,111.46279,111.256895,111.3742,111.46279,111.77002,111.92939
10924,101.77643,101.72519,101.768465,101.77643,101.784425,102.19319
10928,104.176855,103.592805,103.87553,104.176855,105.402405,106.875965
17324,66.86333,65.458625,66.417755,66.86333,68.234295,68.299715
10679,81.464295,81.37767,81.3975,81.464295,81.56644,82.1583
10678,110.28882,110.04098,110.06095,110.28882,110.564265,111.47913
10673,98.86897,98.02447,98.51743,98.86897,99.09773,99.47884
16940,101.655055,101.109445,101.612575,101.655055,101.66552,103.08841
10677,32.076205,32.022905,32.026165,32.076205,32.13141,32.64202
10676,206.742165,206.697925,206.70651,206.742165,206.750085,207.236595
10675,1.046495,0.987035,1.01997,1.046495,1.07557,1.544645
10674,62.181375,62.15952,62.175285,62.181375,62.209505,62.63847
16989,88.331335,88.270735,88.30546,88.331335,88.711535,88.752505
16987,90.11529,89.35145,89.914335,90.11529,90.358935,90.97998
21140,220.60194,220.456675,220.52823,220.60194,221.651435,221.725825
16984,87.192475,86.99642,87.18518,87.192475,90.742745,94.63458
18620,99.34164,99.227615,99.284725,99.34164,99.56199,99.925355
12298,117.05123,110.18426,113.461765,117.05123,120.634675,133.25448
12291,109.677785,109.668875,109.669385,109.677785,109.745875,110.33259
12297,14.92552,14.57087,14.862635,14.92552,14.985455,15.192105
26113,116.397985,115.971805,116.08831,116.397985,116.39991,116.735495
33224,41.729795,39.261575,39.664035,41.729795,42.633215,43.46695
26116,111.190675,110.278085,110.34876,111.190675,111.964155,112.25611
26115,86.72201,86.585065,86.596005,86.72201,86.76742,87.175505
26118,84.231575,84.08482,84.23029,84.231575,84.35499,84.56858
20817,111.083915,107.279635,109.88148,111.083915,112.952055,123.584395
16539,94.22117,93.958345,94.045795,94.22117,94.521125,95.13693
22944,104.07469,103.346075,103.41023,104.07469,104.54589,105.356705
22945,102.488015,102.420475,102.46116,102.488015,102.50579,102.877195
21360,122.44704,122.345425,122.410835,122.44704,123.737245,124.07144
21364,102.74135,101.77536,102.646195,102.74135,103.728985,105.380385
21366,110.38572,109.64177,110.095865,110.38572,111.287335,111.651875
17588,87.87385,87.52885,87.862505,87.87385,88.42393,88.562955
4419,101.594132,99.794708,101.052692,101.594132,103.424277,103.872021
3423,45.232137,45.057801,45.166857,45.232137,45.828105,46.300426
3420,107.118358,106.355734,107.07535,107.118358,107.14831,109.81327
17580,133.821725,130.8415,132.33578,133.821725,133.86541,136.886705
17582,93.633705,93.512075,93.626135,93.633705,93.637055,93.89729
2002,82.841105,82.564625,82.575377,82.841105,83.242001,83.390225
2001,128.779803,128.494105,128.620058,128.779803,128.944922,129.235225
4588,128.232986,116.757528,121.21884,128.232986,139.192349,179.040804
4854,117.726744,117.663,117.702168,117.726744,118.141464,137.176347
4580,105.656085,104.607765,105.414165,105.656085,105.751317,107.582998
4851,65.763853,65.104909,65.553421,65.763853,66.24155,70.939406
4850,90.202386,90.146322,90.182418,90.202386,90.451218,96.926228
14174,142.869645,142.713075,142.79606,142.869645,142.951945,143.394675
14175,145.338455,145.048645,145.275955,145.338455,145.48102,145.83293
18494,123.15451,123.07145,123.083905,123.15451,123.171155,123.782925
14171,211.696555,211.26256,211.501465,211.696555,211.79699,211.812175
18491,175.75799,175.716785,175.72389,175.75799,176.35084,176.75601
14178,260.95398,260.919185,260.93055,260.95398,260.970805,261.47948
11989,74.74399,74.69483,74.70453,74.74399,75.35188,76.07575
15902,67.334835,67.13406,67.185005,67.334835,67.46962,67.877715
4410,120.054552,120.0054,120.026136,120.054552,120.05532,120.410904
15903,139.9933,139.98941,139.99176,139.9933,139.996305,141.76191
35572,140.871215,130.211265,134.430915,140.871215,140.897205,148.80883
10583,25.002975,24.75577,24.8419,25.002975,25.218155,25.471845
20857,21.849445,21.79802,21.815425,21.849445,22.35188,23.70715
10584,22.65825,22.38944,22.484385,22.65825,23.100465,23.253885
10587,84.23588,82.33083,82.965095,84.23588,84.749275,86.34775
13164,176.301475,175.96069,176.18137,176.301475,177.002385,177.396715
33920,133.811735,133.722025,133.754015,133.811735,133.85424,134.21025
33921,111.41249,111.132765,111.405075,111.41249,111.43127,114.715405
18671,272.00211,270.35143,270.911255,272.00211,274.62951,275.202025
33923,94.567975,93.63778,93.657235,94.567975,95.257585,95.565125
14354,31.7022,31.171965,31.62838,31.7022,32.19483,33.420475
33925,82.61495,82.17198,82.613725,82.61495,82.693745,83.92996
18675,93.876375,93.86829,93.873885,93.876375,93.904875,94.219715
11185,102.10802,102.08884,102.09609,102.10802,102.14662,102.548935
33928,132.465385,132.02563,132.1208,132.465385,132.97713,133.06984
14359,106.14676,105.747845,106.023035,106.14676,106.31673,106.45054
11189,91.515225,91.200025,91.20762,91.515225,91.516825,91.93833
33259,92.8633,88.80162,90.409075,92.8633,95.84168,96.204755
34413,84.049705,83.49201,83.955645,84.049705,84.101505,84.114215
17919,97.99292,97.761375,97.78845,97.99292,98.190145,98.3193
34412,84.7679,84.757415,84.762905,84.7679,84.76858,85.101735
17913,91.87828,91.75157,91.816095,91.87828,92.56695,94.073685
17912,217.30376,215.22555,217.047905,217.30376,218.27796,218.512135
17910,81.359235,80.27135,80.59098,81.359235,81.40641,82.05294
20368,86.2127,86.125965,86.150025,86.2127,86.525135,86.60375
34938,55.847705,55.63102,55.840545,55.847705,56.436685,56.98362
30697,124.162065,124.11954,124.157405,124.162065,124.30196,124.624185
30696,95.254385,94.416655,94.56335,95.254385,96.433575,97.110745
20360,101.733275,101.295045,101.309295,101.733275,101.9541,102.05439
30694,87.46826,87.226885,87.3853,87.46826,87.94635,89.22949
27406,123.26507,123.22803,123.23077,123.26507,123.41854,123.71065
34930,150.68708,150.616355,150.62364,150.68708,150.708525,151.29662
18973,145.88727,145.871,145.881055,145.88727,146.49924,147.06421
1083,303.999037,303.876157,303.973693,303.999037,304.575805,317.766976
1082,238.676784,237.087792,238.566192,238.676784,239.718192,240.081456
12985,214.69005,214.593855,214.687805,214.69005,215.011015,216.150905
12984,80.387605,80.203025,80.32544,80.387605,80.522235,80.656755
12983,102.046775,102.005095,102.023305,102.046775,102.073385,102.83003
12980,140.24779,139.981085,140.12509,140.24779,140.681735,140.895555
12988,127.126995,127.07221,127.082825,127.126995,127.1662,127.45956
18975,122.876165,122.84953,122.853085,122.876165,122.96915,123.184715
29529,111.09776,110.944975,110.98467,111.09776,111.154955,111.30478
29528,110.67482,106.94544,108.873245,110.67482,112.680795,118.42019
16973,92.39556,91.8432,92.16239,92.39556,92.40349,92.64123
29523,79.29666,79.27578,79.283785,79.29666,79.329405,79.754935
29034,235.322735,235.250295,235.251085,235.322735,235.35438,235.849575
29037,239.08867,239.05791,239.065505,239.08867,239.104835,239.61417
29036,151.140205,150.923795,151.10821,151.140205,151.173615,151.42293
30256,9.619125,9.308505,9.598115,9.619125,9.844635,10.23486
449,253.533747,252.238898,252.690482,253.533747,253.637427,254.653491
448,149.90595,149.815326,149.87139,149.90595,149.98659,150.778398
1338,118.348824,116.067863,117.821208,118.348824,119.2182,121.516824
1334,101.35298,100.879892,101.144852,101.35298,101.384468,102.564117
1336,100.118036,100.109588,100.111892,100.118036,100.176404,100.675604
1330,114.358296,111.212567,111.508247,114.358296,116.46492,119.666712
1333,107.042326,107.02927,107.036182,107.042326,107.047702,107.66287
15403,93.91535,93.875515,93.891665,93.91535,94.11281,94.59529
15407,103.0169,102.74104,102.96952,103.0169,103.022235,103.84145
15408,96.734725,96.630065,96.734,96.734725,96.97898,97.263555
30255,226.19123,225.55968,225.68941,226.19123,228.65038,228.66855
26755,93.52442,93.29135,93.48355,93.52442,93.63365,94.613035
26754,105.475765,103.857055,104.08258,105.475765,105.525865,107.026915
39,275.778104,275.589176,275.647544,275.778104,275.798072,276.338743
38,113.107222,112.48975,112.561174,113.107222,113.208599,113.278487
26751,81.92594,81.106995,81.855775,81.92594,81.9864,82.31026
33,109.741846,108.417815,108.761879,109.741846,111.080471,117.269016
32,90.994963,90.575635,90.924306,90.994963,91.310611,99.767828
30352,76.06298,75.724025,75.877115,76.06298,77.8339,77.851645
37,83.039248,82.976272,82.989328,83.039248,83.264273,84.070673
26758,77.10026,77.010715,77.063115,77.10026,77.214865,77.702635
34,102.133268,101.777684,101.945108,102.133268,102.341397,116.066328
31078,119.27685,117.018995,118.411455,119.27685,119.548455,119.699315
31079,130.342125,130.231485,130.29939,130.342125,130.436835,131.469885
6221,98.132961,97.937605,98.003183,98.132961,98.218174,98.411732
31070,92.298135,92.24794,92.25374,92.298135,92.549985,95.73334
31071,99.78174,99.49676,99.513225,99.78174,99.858425,101.28613
31072,101.97647,101.866365,101.975975,101.97647,102.26086,102.70305
21451,208.99158,208.857955,208.985935,208.99158,209.01004,209.68945
19183,35.536175,34.216765,34.68732,35.536175,35.751915,36.05888
34750,124.5347,123.517905,123.96504,124.5347,124.87381,125.186585
34756,18.40512,15.416045,17.83438,18.40512,19.59305,22.003225
34754,33.22592,31.66997,32.839605,33.22592,33.70023,39.99499
34755,177.533335,177.4519,177.494365,177.533335,177.7838,178.32031
30350,84.54376,83.049115,83.43008,84.54376,85.190385,85.48952
28925,106.45873,106.43822,106.45633,106.45873,106.5305,106.88873
28926,93.362195,90.002015,90.516105,93.362195,93.50044,93.5768
28927,120.70604,120.17433,120.67412,120.70604,120.98701,133.21354
28922,90.437395,90.350035,90.385265,90.437395,90.457435,90.99906
24456,147.69373,147.071335,147.682105,147.69373,147.74382,171.106535
28928,119.939465,119.44729,119.724675,119.939465,120.92947,121.05173
32194,86.36363,85.502465,86.01777,86.36363,87.38863,88.31568
847,127.272601,127.190809,127.268377,127.276825,127.343641
22437,75.98527,75.967035,75.97121,75.98527,76.02047,76.532565
22431,240.15361,240.10598,240.11187,240.15361,240.249555,241.088675
846,113.652503,113.425943,113.584151,113.652503,113.705495,114.033431
32192,92.558335,92.205625,92.415645,92.558335,92.705775,93.18785
3465,112.893719,112.840727,112.887575,112.893719,113.131031,113.348375
26326,115.447615,115.3104,115.44757,115.447615,116.03147,128.371205
26320,138.01967,131.70906,131.843515,138.01967,138.49484,149.202475
22122,108.165355,107.585375,107.795745,108.165355,108.35768,108.684205
22123,114.469395,114.13962,114.42415,114.469395,114.70515,116.319545
22126,107.321215,102.48961,104.90673,107.321215,111.1891,116.50271
22127,99.082395,98.978825,99.07795,99.082395,99.14666,99.98025
22125,128.65666,128.564,128.604515,128.65666,128.742785,129.005295
13769,199.25483,199.21445,199.249795,199.25483,199.297715,199.71139
4077,235.831344,235.186223,235.299887,235.831344,235.915056,309.810494
4076,119.987736,119.754264,119.843352,119.987736,120.106776,120.248088
4070,233.916719,233.862958,233.882159,233.916719,233.952815,234.720815
32574,51.448725,50.885225,50.902355,51.448725,51.80203,52.13838
3967,101.51042,101.101076,101.250068,101.51042,102.134037,102.603285
32576,173.304965,173.24901,173.267575,173.304965,173.4053,173.88343
32577,107.82021,107.41112,107.60202,107.82021,107.841795,108.35423
3962,97.685012,97.661972,97.671956,97.685012,97.823252,98.817812
3963,121.407768,121.33404,121.334808,121.407768,121.4262,121.714968
32572,52.16797,51.90055,52.02983,52.16797,52.44126,60.79317
19453,90.438955,90.40116,90.423965,90.438955,90.52339,91.013085
32578,174.53436,174.49382,174.529185,174.53436,174.550565,175.056295
19459,52.08022,51.63577,51.67021,52.08022,52.556625,68.882835
3968,107.765782,107.754262,107.755798,107.765782,107.777301,108.602902
3638,110.648854,110.638871,110.647318,110.648854,110.688791,111.909142
3639,127.355162,127.322138,127.339034,127.355162,127.478042,128.163098
33930,113.91358,113.29037,113.867335,113.91358,113.932715,114.505435
3637,121.258777,121.24956,121.250328,121.258777,121.267224,121.776409
3635,124.49513,124.393754,124.417562,124.49513,124.966681,139.865116
3633,126.12713,125.958938,125.989658,126.12713,126.325274,126.638618
35401,117.162215,111.82128,116.40113,117.162215,117.35696,128.56425
11407,122.86536,122.798665,122.862025,122.86536,122.87167,123.531115
11406,117.038595,116.96651,116.99251,117.038595,117.050355,117.756805
11405,82.49737,82.35567,82.45248,82.49737,82.625905,83.435595
11404,90.20243,90.14896,90.20058,90.20243,90.484955,91.76604
11403,90.319945,90.041135,90.2888,90.319945,90.40891,91.183405
11400,94.13547,94.05369,94.08874,94.13547,94.23714,94.370405
32750,151.615775,151.167665,151.301,151.615775,152.10122,155.03461
32751,100.718505,100.616955,100.71594,100.718505,100.81497,101.582655
19233,100.953295,100.94849,100.951665,100.953295,101.06412,101.35179
19986,122.033235,122.02329,122.03073,122.033235,122.06008,122.4715
19984,273.385795,273.29744,273.345235,273.385795,273.479155,275.705605
32757,107.281845,106.7523,106.88401,107.281845,107.54793,108.072715
19239,77.60108,76.503035,77.55319,77.60108,77.640515,77.8238
12197,221.13363,220.9733,221.04358,221.13363,221.428325,221.96731
25477,129.32995,129.277695,129.280135,129.32995,129.406635,130.089575
4468,115.392023,115.320599,115.392023,115.392023,115.456535,115.839
13378,142.23974,142.033555,142.08602,142.23974,142.322765,143.29261
11985,16.656715,16.269895,16.333905,16.656715,16.897115,16.983175
4460,123.351577,122.327064,122.565912,123.351577,123.708697,125.945114
13370,124.72835,123.88761,124.4822,124.72835,127.296425,127.308755
20589,87.157375,87.100815,87.148135,87.157375,87.157765,87.53993
949,117.692184,117.636888,117.692184,117.692184,117.723672,118.283544
943,100.801556,100.221716,100.690196,100.801556,100.948245,102.283797
21802,58.25706,58.13756,58.185435,58.25706,58.336115,58.79958
24871,107.900065,107.802585,107.89826,107.900065,108.056945,108.44814
24874,122.906665,122.020775,122.638905,122.906665,123.065855,123.152165
24879,108.36655,108.344355,108.36298,108.36655,108.36895,108.86866
20176,312.719325,312.672835,312.702445,312.719325,312.74039,313.30161
20175,88.85868,88.188975,88.616785,88.85868,89.054385,89.60756
20171,99.99295,99.93617,99.955455,99.99295,100.086575,100.572405
2336,106.19599,106.176021,106.187541,106.19599,106.264341,106.942485
6327,110.309024,110.25622,110.270231,110.309024,110.314856,110.700483
12177,93.57835,93.370055,93.46928,93.57835,93.852735,94.29422
12174,81.819565,81.7511,81.789755,81.819565,81.97951,82.299095
6324,113.971317,113.857838,113.939179,113.971317,113.986443,114.300438
6323,105.871271,105.508421,105.748173,105.871271,106.002579,106.3655
6322,84.331851,84.291659,84.330451,84.331851,84.530799,84.806165
6321,112.773549,112.673598,112.722465,112.773549,112.788398,113.215006
12171,221.12849,221.088505,221.12778,221.12849,221.57526,222.21038
11056,142.47128,142.38903,142.45531,142.47128,142.54491,143.11378
6329,98.09936,98.059733,98.072457,98.09936,98.154534,98.508479
12179,142.4686,142.329405,142.436945,142.4686,143.317705,144.399975
14350,210.8892,210.1838,210.868445,210.8892,210.94481,211.429715
29203,94.88003,94.602795,94.7675,94.88003,94.95717,96.05009
29200,99.46378,99.358755,99.405155,99.46378,99.51917,100.36095
29201,115.062925,114.6282,114.92958,115.062925,115.14537,115.1719
29206,112.89362,112.7539,112.865555,112.89362,114.764025,118.00528
29205,110.601205,110.254475,110.490025,110.601205,110.86406,112.22499
10444,18.845045,18.280325,18.700835,18.845045,18.945185,19.36821
10445,12.4993,11.59036,11.809575,12.4993,12.517175,13.222655
29208,104.5558,102.50182,103.64962,104.5558,105.147095,106.589015
10441,73.425005,72.853665,72.859515,73.425005,73.50645,73.87195
10443,35.38317,34.13686,34.841755,35.38317,36.52883,38.038805
21776,111.68818,111.654415,111.654585,111.68818,111.69182,112.03588
18805,138.93374,138.832675,138.87917,138.93374,139.03375,139.420985
18806,127.450835,127.18764,127.24187,127.450835,127.48466,128.07649
21775,125.81799,125.7105,125.729695,125.81799,126.03298,126.72034
18801,95.85406,95.04471,95.26217,95.85406,95.95781,96.57679
18802,95.203815,94.91866,95.18746,95.203815,95.36386,95.809085
18803,114.93825,113.635545,114.729385,114.93825,115.088895,115.83764
11022,108.91114,108.418555,108.904555,108.91114,109.01276,109.42669
18808,108.13387,108.075275,108.102925,108.13387,108.156385,109.136335
33009,269.315275,268.17861,268.505065,269.315275,269.39008,270.646165
33002,148.01004,147.991435,148.007395,148.01004,148.07521,148.35714
33001,163.558925,162.79981,163.39815,163.558925,163.666485,164.971895
33007,94.53777,94.29557,94.455965,94.53777,94.58981,94.826215
33006,82.222755,82.19589,82.218095,82.222755,82.249245,82.53842
33004,16.51085,13.621775,14.575445,16.51085,16.708785,19.942155
26928,124.18011,123.55195,123.874355,124.18011,124.25721,125.74842
26924,149.5678925,149.23847,149.429775,149.70601,150.362175
26925,87.212175,87.165335,87.197145,87.212175,87.214325,87.68328
26923,104.769815,104.58695,104.6371,104.769815,104.864075,106.08287
23288,98.455285,98.20625,98.223445,98.455285,98.6781,104.819855
23289,105.149885,104.881265,104.99516,105.149885,105.19652,110.66513
21791,33.845615,33.84093,33.843625,33.845615,33.91099,34.534975
1388,108.379415,107.846422,108.128278,108.379415,108.488471,109.153558
586,85.765649,85.577489,85.615121,85.765649,85.843985,86.246418
26696,81.850835,81.61543,81.761875,81.850835,82.543365,82.92913
583,153.487135,147.880734,148.108062,153.487135,154.823455,155.343391
26698,151.720485,150.4784,151.58433,151.720485,152.39057,152.413485
589,116.629271,114.966551,115.972631,116.629271,116.642327,118.574616
28731,121.817805,121.80576,121.80733,121.817805,121.840055,123.7997
24204,220.93092,220.851445,220.859035,220.93092,220.94019,221.635705
2836,80.99944,80.230672,80.332048,80.99944,81.993233,82.108433
21797,128.873155,128.80935,128.87234,128.873155,128.92378,129.32918
28733,130.017235,130.00214,130.003035,130.017235,130.03614,130.684055
2831,106.58767,103.994133,104.789013,106.58767,111.462935,120.711192
3391,88.025106,88.005907,88.01205,88.025106,88.039699,88.690962
14728,95.93882,95.62541,95.809215,95.93882,96.03667,96.977095
3395,113.156374,112.81999,113.010454,113.156374,113.417495,119.178264
1430,87.848466,87.77013,87.836946,87.848466,88.058898,88.436753
28008,99.914615,99.675495,99.75573,99.914615,100.084295,100.30084
418,106.772757,104.471829,105.847318,106.772757,110.251798,129.835802
28556,102.738625,102.650665,102.733975,102.738625,102.812335,103.32194
14725,108.912335,108.72494,108.89607,108.912335,108.916715,110.213155
28550,101.698015,101.37725,101.48338,101.698015,101.71242,102.182775
28226,233.06983,231.67074,232.05544,233.06983,233.16133,234.14306
34231,61.47808,61.16773,61.45147,61.47808,61.81598,61.969485
30206,36.7763,36.728715,36.73784,36.7763,36.838555,37.130975
34235,115.69195,115.53748,115.681025,115.69195,115.7057,119.11478
30201,62.706245,62.19325,62.6271,62.706245,62.759905,63.144265
34236,220.827205,220.625905,220.630925,220.827205,221.105325,221.342785
34238,23.40907,23.39701,23.399195,23.40907,23.428315,23.741035
30208,188.13463,183.944665,184.530855,188.13463,188.172595,188.175
13971,256.70901,256.369435,256.507195,256.70901,256.716635,257.027695
4261,184.915237,180.288036,181.85322,184.915237,186.649381,189.218342
4262,114.645527,114.605591,114.621719,114.645527,114.694679,115.215383
13972,99.587355,99.45242,99.50739,99.587355,99.60059,99.709555
13975,97.498405,96.92805,97.05882,97.498405,97.968145,98.46206
13974,113.092325,113.03089,113.05643,113.092325,113.124945,113.44709
4266,116.279063,115.150103,115.501847,116.279063,116.481047,116.597016
13976,100.63976,100.590105,100.59665,100.63976,100.67982,101.051455
4268,94.733587,94.540819,94.719763,94.733587,95.301908,96.473876
13978,134.464045,132.46952,132.476805,134.464045,134.660595,137.9621
17665,141.5468,141.429215,141.468065,141.5468,141.656725,142.028965
18113,107.30661,107.21948,107.277605,107.30661,107.52971,107.746025
18111,105.814385,105.80136,105.805795,105.814385,105.90195,106.345
18118,120.286845,120.25089,120.25273,120.286845,120.30283,120.68888
18119,137.920085,137.82662,137.899245,137.920085,137.922895,138.530505
11814,68.425565,68.385595,68.39496,68.425565,68.45523,68.744835
32491,113.45158,112.873535,113.181425,113.45158,113.841315,114.523075
33705,9.558735,8.927895,9.112115,9.558735,10.29812,10.939375
17661,203.388535,203.370315,203.387705,203.388535,203.390515,204.52918
32490,107.382895,107.359725,107.376345,107.382895,107.456885,107.918375
33706,221.725505,221.063365,221.48714,221.725505,222.109,222.75366
30060,214.45005,214.190485,214.430795,214.45005,215.132125,215.362135
30063,115.705015,115.61212,115.67079,115.705015,116.255045,116.99074
30064,102.26927,102.13966,102.16484,102.26927,102.284085,102.41588
34588,108.838315,108.587925,108.643755,108.838315,109.65775,109.66051
30068,102.74608,102.465935,102.54679,102.74608,102.83839,104.038
30069,89.333915,89.23164,89.28678,89.333915,89.678235,89.80425
34582,94.26713,94.20804,94.224845,94.26713,94.279635,94.74197
34581,124.31011,124.283045,124.29255,124.31011,124.51681,124.85776
34580,209.73955,209.559095,209.57421,209.73955,209.884605,210.3802
31333,225.166705,224.266615,225.01341,225.166705,225.517195,230.77061
31330,11.221875,10.69199,10.80813,11.221875,11.27751,12.116505
15809,106.967985,106.64424,106.904705,106.967985,107.242295,107.680235
35364,110.88834,110.819795,110.821995,110.88834,110.925605,113.14215
32498,88.2896,88.20459,88.281665,88.2896,88.336695,88.678195
11236,211.006285,210.85434,210.880165,211.006285,211.433585,213.2945
11237,100.710905,100.69884,100.703885,100.710905,100.71212,101.165115
33709,209.90114,209.69234,209.720865,209.90114,210.04198,210.279325
2129,246.695473,246.560305,246.56261,246.695473,246.719281,247.25381
22339,117.13692,116.011425,116.119985,117.13692,119.02102,119.352985
22336,146.915315,146.34218,146.4392,146.915315,152.51468,154.47225
22335,112.830995,112.72949,112.739465,112.830995,112.85727,113.31823
22332,99.809575,99.792135,99.795055,99.809575,99.83322,100.21601
25318,86.739465,86.64645,86.70438,86.739465,86.84074,87.00111
14705,84.194015,84.165575,84.18697,84.194015,84.284225,85.062975
25646,108.281785,107.99731,108.21696,108.281785,108.59764,110.961095
25647,125.272255,125.208895,125.241485,125.272255,125.309595,125.93847
25312,211.54292,211.44214,211.528155,211.54292,211.63716,211.82558
25313,110.61672,108.786695,108.96196,110.61672,110.67283,112.33183
25314,82.271845,81.84514,82.106205,82.271845,82.32316,86.144365
25315,101.10756,101.089815,101.100675,101.10756,101.28394,101.707965
25640,111.14164,111.07957,111.105905,111.14164,111.17739,111.901515
25641,170.14758,169.81796,169.95221,170.14758,170.20266,170.255885
23424,235.177685,234.956955,235.10433,235.177685,235.445645,235.50327
23426,102.079305,101.89134,102.03644,102.079305,102.410455,102.608445
4911,108.518422,108.49999,108.510742,108.518422,108.701206,109.328662
23423,219.232725,219.070655,219.198915,219.232725,219.28475,219.77577
17263,94.065545,93.661605,93.8361,94.065545,102.0963,108.50574
322,82.135313,82.007057,82.112273,82.135313,82.192913,82.75048
326,94.570003,94.519315,94.540819,94.570003,94.590739,95.13602
325,106.705174,105.755925,106.236693,106.705174,106.941717,106.980118
329,197.770792,197.626408,197.763112,197.770792,198.308392,198.6586
21282,98.421595,98.39096,98.397725,98.421595,98.431405,99.048795
4861,131.021594,130.798106,130.86569,131.021594,131.440923,135.886875
30871,136.97255,136.863345,136.901435,136.97255,136.97765,137.632745
17269,15.7171,15.596655,15.66395,15.7171,15.849655,15.963425
16619,104.33336,104.219145,104.245365,104.33336,104.51498,105.066165
13919,105.888365,105.657045,105.861615,105.888365,106.385155,106.94006
32320,91.176395,90.70873,90.96584,91.176395,91.220965,92.28696
32324,20.7119,18.75694,19.218675,20.7119,22.247525,30.07965
22591,102.62337,102.48218,102.60189,102.62337,102.849095,103.81721
12768,44.65981,43.87805,43.986285,44.65981,45.797405,45.91099
22596,80.340295,79.702035,79.915935,80.340295,83.121835,90.634875
18328,96.67476,96.48197,96.56153,96.67476,96.857115,97.07245
6132,200.108195,199.935728,200.003015,200.108195,257.81916,2954.996975
12762,146.450815,145.68621,146.15695,146.450815,146.52681,146.90939
6130,0.957475,0.9359,0.94081,0.957475,1.008915,1.682852
12760,95.0707,95.013945,95.0147,95.0707,95.27256,95.93748
6136,249.956997,249.872782,249.881569,249.956997,249.958242,250.165404
28470,104.341175,102.734615,103.522195,104.341175,104.597645,107.253585
12765,85.78657,85.63019,85.663815,85.78657,85.907655,86.25
6135,91.473806,91.418997,91.422177,91.473806,91.480712,92.966709
10949,113.90145,113.72686,113.768515,113.90145,114.04094,114.537295
10940,88.593825,88.108515,88.34995,88.593825,88.705295,88.70646
33969,102.27322,102.196405,102.23362,102.27322,102.43778,103.7336
16470,60.30923,59.91392,59.914665,60.30923,60.40101,60.416455
24998,82.864715,82.74303,82.78571,82.864715,83.292825,83.448065
21162,52.9306,52.720975,52.88411,52.9306,52.951275,53.392835
24995,89.13732,89.073475,89.09959,89.13732,89.159345,89.419915
24994,40.098985,40.06708,40.081665,40.098985,40.116045,40.58061
24997,103.05484,102.989355,103.048465,103.05484,103.095285,103.7225
24996,106.602385,106.57999,106.60232,106.602385,106.63138,107.447805
18325,104.25041,103.91608,104.1262,104.25041,104.59959,105.231425
19179,81.52547,81.46011,81.496515,81.52547,81.53917,82.170355
14311,91.995985,91.634215,91.954065,91.995985,92.113075,92.298225
26178,99.92747,99.85955,99.91278,99.92747,99.969165,100.55664
32818,99.264625,98.466555,99.19014,99.264625,99.37556,100.821385
2248,95.880212,95.438611,95.820308,95.880212,96.851732,97.546772
2246,94.225939,94.041619,94.209043,94.225939,94.265107,94.961684
2247,105.131541,105.084693,105.120021,105.131541,105.277461,105.86191
26175,117.97371,117.11592,117.397855,117.97371,118.088885,118.380355
2651,86.980626,86.891538,86.947602,86.980626,87.070482,87.515154
2242,138.774556,138.702364,138.70774,138.774556,138.859036,140.097052
26176,250.411215,250.23493,250.36436,250.411215,250.484845,251.11458
24191,23.230445,23.15654,23.1984,23.230445,23.26043,23.74791
21345,91.622165,91.28043,91.52964,91.622165,91.659205,91.842075
18950,109.225585,109.198565,109.2057,109.225585,109.23791,109.598055
24196,98.122,97.999685,98.03898,98.122,98.313555,98.84652
31370,288.152205,288.02903,288.10869,288.152205,288.43282,289.316955
3400,114.698519,114.638615,114.676247,114.698519,114.931992,115.119383
3407,91.960338,91.888915,91.929619,91.960338,91.966482,92.48949
3406,91.111698,90.618642,91.104018,91.111698,91.514131,102.580244
3408,89.716242,88.596499,88.991251,89.716242,89.869074,94.434835
4875,95.059987,94.722834,94.976275,95.059987,95.31573,95.526164
4877,86.161937,86.030609,86.12661,86.161937,86.29941,86.731026
4876,106.075413,105.868821,106.017813,106.075413,106.136853,107.096854
4871,107.25199,107.225878,107.235862,107.25199,107.25967,107.731222
4873,91.407378,91.34133,91.40661,91.407378,91.564819,92.046354
17008,139.551435,138.35729,138.414285,139.551435,139.625005,140.118585
4879,102.499605,102.326037,102.359829,102.499605,102.502677,103.05026
363,116.01564,115.740696,115.96188,116.01564,116.166168,135.399195
10611,103.40402,99.730595,102.59457,103.40402,103.87734,107.94891
2069,106.606102,103.222293,105.249044,106.606102,107.664406,121.668889
2798,96.139796,96.062228,96.115988,96.139796,96.202772,96.70274
10612,88.701155,88.653045,88.669055,88.701155,88.72383,89.35243
10615,94.678005,94.663,94.672605,94.678005,94.7058,95.128965
13492,99.57978,99.134355,99.28674,99.57978,101.295235,102.03476
13493,100.07452,99.468865,99.86471,100.07452,100.210055,100.3804
13490,95.46218,95.44326,95.445315,95.46218,95.605855,95.798195
2063,106.755862,105.789717,106.170645,106.755862,107.152918,108.490006
13496,109.84306,109.41655,109.60195,109.84306,110.028385,110.494435
13497,79.825135,79.7371,79.76903,79.825135,80.128935,80.50496
13494,105.98481,105.678995,105.842555,105.98481,106.197725,106.43761
13495,84.836555,84.641765,84.69123,84.836555,84.949695,85.295005
33491,92.723275,92.591665,92.668855,92.723275,93.26392,93.334115
33492,23.96426,23.905295,23.95737,23.96426,24.08602,24.558935
14111,90.702085,90.626085,90.67566,90.702085,90.708325,91.623335
18479,199.649645,199.34842,199.574845,199.649645,199.787165,200.20812
33495,11.57942,11.1228,11.36517,11.57942,12.754195,13.370005
14114,32.839805,32.77251,32.79853,32.839805,33.053645,33.33385
33497,155.659155,154.86489,155.21114,155.659155,156.47512,156.78951
33498,156.140585,155.317905,156.103085,156.140585,156.16135,156.67861
33499,125.13024,112.12717,121.119995,125.13024,125.93049,126.9322
18477,234.991155,234.639655,234.739145,234.991155,235.26447,235.273155
18470,97.105935,95.664435,96.898695,97.105935,98.57512,99.392645
17706,126.278255,126.228755,126.24242,126.278255,126.651815,127.087895
17704,128.966645,128.916165,128.93845,128.966645,129.17346,129.242295
17703,133.01303,132.987375,133.002535,133.01303,133.023005,133.46374
17700,63.39632,62.98473,63.09165,63.39632,63.466655,64.314785
14290,116.211355,116.12948,116.164805,116.211355,116.218165,116.82596
17003,248.326575,248.248935,248.26844,248.326575,248.36608,248.815455
17708,129.64682,129.48961,129.528715,129.64682,129.68906,130.11114
13145,176.980475,176.91941,176.930425,176.980475,176.99335,177.565335
13146,7.61736,7.58829,7.60537,7.61736,7.63049,8.10091
20690,115.520145,115.24481,115.452255,115.520145,115.630095,116.293685
32674,206.00351,205.578005,205.929475,206.00351,206.220565,206.224815
20695,98.24146,98.177455,98.20581,98.24146,98.31046,98.779455
16657,100.95648,100.88778,100.90141,100.95648,100.98134,101.525555
17007,218.91274,218.89499,218.905205,218.91274,218.92746,219.61803
14293,125.07266,124.395045,124.806865,125.07266,125.816235,126.53647
18613,117.891705,116.217845,117.22165,117.891705,119.68266,120.69734
33272,242.066195,241.971875,242.033925,242.066195,242.087635,243.5289
33273,272.51186,257.587965,272.2596,272.51186,278.032595,278.35533
20436,78.753515,78.116195,78.54259,78.753515,79.64348,85.25163
34916,90.98913,90.940865,90.97061,90.98913,91.076585,91.37132
20432,80.710165,80.67487,80.702165,80.710165,80.799475,81.16236
34911,94.766605,94.06422,94.425675,94.766605,95.13045,95.395495
20430,101.823885,101.785405,101.8157,101.823885,101.93681,102.286145
20431,81.510375,81.17319,81.39497,81.510375,81.59459,81.857645
20349,66.6574,66.36145,66.522605,66.6574,66.88808,67.09545
34918,31.22278,29.81917,30.06714,31.22278,39.59225,46.512045
34919,199.674845,199.35022,199.673265,199.674845,199.721615,200.470865
33139,64.738505,64.31496,64.625255,64.738505,66.2599,70.18223
18963,146.30823,146.07802,146.160145,146.30823,146.393615,146.70999
12729,104.79084,104.452345,104.65757,104.79084,104.79241,105.06753
12728,75.591815,75.20057,75.345475,75.591815,77.237205,79.361385
15649,93.34128,93.294595,93.32529,93.34128,93.406055,94.52166
12968,236.37616,235.85416,236.052015,236.37616,236.68966,237.342845
6177,116.90861,116.858426,116.872262,116.90861,116.916036,117.299176
15645,161.978315,161.792825,161.90653,161.978315,162.90817,164.052345
15644,45.13812,44.915155,44.98449,45.13812,45.17312,47.009325
12967,220.047535,219.50023,219.89388,220.047535,220.142695,220.256745
15641,91.93353,91.69973,91.89063,91.93353,92.51816,93.039345
15640,116.082095,115.96917,115.977725,116.082095,116.089275,116.451235
29016,183.54142,183.40596,183.529855,183.54142,187.77303,188.42605
29543,113.45525,113.017975,113.358135,113.45525,113.776015,114.647985
29014,193.013685,192.91784,192.99327,193.013685,193.100315,193.517305
29012,129.83863,129.29736,129.802105,129.83863,130.436425,131.21828
29010,34.128905,33.252825,34.10894,34.128905,38.68652,42.381525
29549,116.484535,115.95537,116.43965,116.484535,116.53631,116.992195
29548,114.886695,113.00037,114.5858,114.886695,115.188525,117.67206
6173,100.489863,100.301891,100.341499,100.489863,100.567202,100.738641
12895,35.981605,35.35302,35.87592,35.981605,37.87507,38.11033
6170,139.867053,139.805057,139.807751,139.867053,139.924604,140.413159
34940,105.90525,105.753505,105.796465,105.90525,105.954945,106.381305
1359,86.45301,86.424594,86.443026,86.45301,86.47605,86.931474
468,42.897417,42.693128,42.765321,42.897417,52.217867,52.689418
465,85.372434,83.690513,85.157394,85.372434,86.550545,141.173789
34060,87.14489,86.87196,86.90247,87.14489,87.179995,87.353145
1351,118.997016,118.801944,118.954008,118.997016,119.054616,128.04713
466,115.885848,115.264535,115.732248,115.885848,115.914264,116.492568
1357,111.305494,111.193366,111.193366,111.305494,111.35311,111.924503
1355,94.189075,94.160659,94.181395,94.189075,94.451731,94.737428
462,132.561435,132.463899,132.558363,132.561435,132.563739,133.301786
19912,38.392665,38.009855,38.01275,38.392665,39.12385,39.5423
15391,271.68467,271.585975,271.61453,271.68467,271.786055,272.79431
15464,96.29125,96.2275,96.25647,96.29125,96.318335,96.792895
15467,88.530335,88.420985,88.426345,88.530335,88.59316,89.35939
32651,91.35792,91.329775,91.33431,91.35792,91.463085,92.01421
725,115.99644,115.799064,115.88508,115.99644,116.021784,120.167448
26642,111.39521,111.252435,111.27337,111.39521,111.39718,111.882075
34770,82.27149,81.35177,81.906835,82.27149,85.25351,90.306915
34771,110.36934,109.402585,109.686025,110.36934,110.611815,113.371655
34772,142.46047,142.384405,142.45933,142.46047,142.48855,142.899455
34773,219.463485,218.57429,218.884625,219.463485,220.34266,221.58368
34777,10.18916,9.873405,10.15924,10.18916,10.68012,10.923665
34778,64.749505,64.59372,64.689735,64.749505,64.98555,65.752905
34779,45.231475,44.688355,45.10784,45.231475,46.07585,46.43606
3184,119.255832,117.13692,118.841112,119.255832,119.34876,123.196441
3185,102.277652,102.064149,102.174741,102.277652,103.364373,136.432923
28764,25.188895,22.28623,25.116035,25.188895,26.590845,28.505565
28765,114.2339175,114.01066,114.117485,114.35035,114.88966
3180,101.772308,101.42978,101.6333,101.772308,102.614804,103.755285
28760,102.510705,102.15205,102.414645,102.510705,102.558565,102.81891
28761,97.851835,97.7887,97.806555,97.851835,97.869415,98.419175
28949,102.930195,102.718635,102.80789,102.930195,102.939935,103.658315
3188,94.944019,94.92866,94.940948,94.944019,94.956308,95.486227
3189,104.814357,104.689173,104.780565,104.814357,104.845845,105.760533
28768,105.43849,105.22345,105.41132,105.43849,105.45349,106.082495
28769,102.912625,102.74152,102.8338,102.912625,103.572925,104.535735
22101,136.988755,133.10319,136.561135,136.988755,138.2927,139.34333
22457,95.193275,95.05568,95.12315,95.193275,95.3354,96.331415
22106,164.384595,163.422085,164.106495,164.384595,164.534905,165.134035
22455,98.955195,98.606255,98.893925,98.955195,98.99902,100.670555
22108,102.724805,102.6283,102.646195,102.724805,103.069735,103.12016
22109,90.63544,90.566645,90.63064,90.63544,90.64046,91.054605
22458,217.917995,217.87428,217.891695,217.917995,218.11731,218.65567
21570,100.813335,100.74804,100.757735,100.813335,101.098715,101.895545
4019,18.898948,18.737668,18.803716,18.898948,19.116292,21.103876
11394,113.49394,113.46442,113.483755,113.49394,113.66259,114.03447
4012,117.014808,116.819736,116.997144,117.014808,117.034008,117.507864
4016,115.77372,115.709975,115.759127,115.77372,116.678424,118.456344
4015,88.698642,88.512786,88.636434,88.698642,89.238546,89.377554
13705,199.345865,199.296205,199.30819,199.345865,199.378745,199.65129
32512,6.119245,5.710565,6.04366,6.119245,6.32131,6.59483
19430,246.088425,245.626265,246.084115,246.088425,246.099925,248.38431
32511,79.37679,78.985925,79.3084,79.37679,79.47782,79.51304
32516,83.436345,83.075615,83.211225,83.436345,83.665935,84.697365
19437,9.68931,9.62934,9.662515,9.68931,9.74996,10.25769
32514,125.00446,124.97558,124.991685,125.00446,125.01651,125.20064
3986,111.709462,111.36463,111.536662,111.709462,112.029719,112.696343
32519,111.838965,111.79937,111.82484,111.838965,111.970605,112.307505
3980,79.908112,79.875856,79.887376,79.908112,79.911952,80.252176
3981,189.377318,189.192998,189.348902,189.377318,189.968678,191.161383
3982,107.279638,107.228182,107.23663,107.279638,107.345686,107.914006
21577,131.266115,131.245835,131.258305,131.266115,131.27766,131.674385
20511,117.393605,114.168385,114.7578,117.393605,120.713065,120.9106
35420,78.98778,78.96386,78.987285,78.98778,79.060225,79.77776
35428,74.937885,74.906755,74.91969,74.937885,74.982655,75.25796
23854,115.455745,115.37204,115.433535,115.455745,115.48524,115.812475
23853,114.84519,114.689135,114.698305,114.84519,114.89475,115.11168
15877,139.361655,138.538655,139.213285,139.361655,139.65785,139.84655
24955,106.326965,105.88536,106.07985,106.326965,106.33116,107.700435
27166,207.300495,207.23021,207.2376,207.300495,207.380365,208.268985
280,82.520849,82.356497,82.388753,82.520849,82.545425,82.830352
283,90.597138,89.01045,89.18325,90.597138,90.735378,95.244307
282,104.555541,103.858197,103.864341,104.555541,104.665365,109.93999
16284,84.158065,83.955795,84.066485,84.158065,84.29633,84.463885
284,97.95074,97.554452,97.882388,97.95074,98.082068,98.28866
286,86.640401,86.085138,86.233361,86.640401,87.148818,87.645714
24951,103.998085,103.785955,103.921135,103.998085,104.041715,104.60717
23038,23.79466,23.416635,23.76981,23.79466,24.48444,25.564795
1118,71.908623,70.295054,70.40411,71.908623,73.809423,77.714704
22849,111.417085,110.53527,110.55349,111.417085,113.27566,114.01422
25101,87.55874,87.54439,87.54509,87.55874,87.591645,87.87348
25103,236.666055,236.33853,236.51199,236.666055,236.772705,248.74452
29078,80.10718,79.26597,79.51168,80.10718,80.22132,80.572025
24858,83.703125,82.89027,83.4338,83.703125,83.81578,84.17585
24859,107.714085,107.70615,107.71129,107.714085,108.05342,108.137655
24850,98.03281,97.973615,97.99745,98.03281,98.107585,98.52828
24854,106.131385,106.08039,106.09885,106.131385,106.155545,106.47271
24855,111.599755,111.54852,111.586585,111.599755,112.147495,112.239945
24856,210.559355,210.4788,210.498165,210.559355,210.69333,211.21552
2477,106.903318,106.421014,106.718998,106.903318,106.992406,108.669717
2474,82.841873,82.805009,82.821137,82.841873,82.878737,83.311121
2472,82.748945,81.822736,81.947152,82.748945,82.863377,83.258129
2471,106.76815,106.513174,106.655254,106.76815,107.246614,107.321109
2470,114.485015,112.607255,113.470487,114.485015,115.170071,115.219991
16869,91.056315,90.6735,90.81189,91.056315,91.06758,91.269435
16861,98.06551,97.867155,97.98447,98.06551,98.237785,101.00666
16862,64.713125,64.53329,64.646515,64.713125,64.75156,65.01009
6309,120.937126,120.729219,120.885382,120.937126,121.283018,121.386498
6308,169.904825,169.838385,169.855567,169.904825,169.924861,170.455861
12154,81.7081,81.144095,81.504575,81.7081,82.68046,82.861925
6304,100.437444,100.379698,100.397882,100.437444,100.521131,100.711855
12156,31.52431,27.17121,29.929105,31.52431,33.84257,35.51646
6306,108.79846,108.777216,108.78478,108.79846,108.836814,109.538286
6301,78.233035,78.178587,78.196932,78.233035,78.345466,78.585302
12151,118.222515,117.667075,117.67159,118.222515,119.064125,125.39965
12152,106.19128,105.675595,105.911125,106.19128,106.339835,106.370315
12153,97.47009,96.65947,97.412315,97.47009,97.57854,98.14286
10134,118.906545,117.65799,118.727585,118.906545,118.9388,119.113095
31805,98.478395,98.24147,98.401775,98.478395,98.685115,98.883615
13393,111.445665,110.678915,110.970295,111.445665,112.014525,112.98803
10138,21.89222,20.26173,21.20467,21.89222,21.900385,24.48057
10139,92.388665,92.205455,92.32967,92.388665,92.60372,93.17415
533,99.128084,98.994452,99.01826,99.128084,99.211028,99.474452
10422,40.018095,39.735755,39.73745,40.018095,40.068385,40.36308
29224,103.914485,103.76462,103.809225,103.914485,103.943525,104.545845
10427,17.4177,16.05606,16.61091,17.4177,17.760165,17.799605
29226,91.10862,90.378485,90.807735,91.10862,91.321965,92.64408
29227,105.155805,102.71329,103.971105,105.155805,109.98686,112.09344
33061,158.00017,157.33183,157.94979,158.00017,158.12166,158.290235
33065,20.564455,19.8502,20.13582,20.564455,20.62772,24.529285
18867,107.07917,107.032125,107.050195,107.07917,107.13116,107.342255
33067,76.27798,76.11915,76.143435,76.27798,76.355325,76.750025
33066,86.33721,86.21978,86.265825,86.33721,86.37275,87.18751
33069,84.34613,83.86662,84.048945,84.34613,84.382045,84.71254
33068,30.128345,29.68488,29.83675,30.128345,30.180075,32.534455
21757,238.920325,237.70636,238.675085,238.920325,239.4776,240.389095
21750,149.51975,147.96276,149.05141,149.51975,149.559495,149.99389
26900,117.21266,114.504195,115.459125,117.21266,117.86886,132.295175
26901,78.9308,78.79053,78.829095,78.9308,78.96886,79.51219
26902,129.63038,129.39924,129.480255,129.63038,129.74843,130.26991
26903,113.13982,113.11971,113.127585,113.13982,113.175715,113.34293
26909,88.297915,88.25069,88.254125,88.297915,88.33676,88.732995
3210,82.61224,82.44712,82.60072,82.61224,82.756624,83.500817
3211,107.084565,106.836502,107.078422,107.084565,107.128342,107.695894
3213,106.295061,106.263573,106.283541,106.295061,106.430997,106.95631
3218,12.495363,12.433155,12.473859,12.495363,12.610563,13.226499
2815,112.716311,110.439958,112.702487,112.716311,113.175575,119.019287
2817,122.074392,122.041368,122.045208,122.074392,122.108952,123.088921
2816,122.563608,122.383896,122.479896,122.563608,122.770968,123.530521
29958,114.19622,113.81347,114.050045,114.19622,114.285185,114.340865
2812,98.162708,98.149652,98.1581,98.162708,98.166548,99.228692
29485,115.30563,114.362385,114.36359,115.30563,115.5434,115.662315
29486,77.52494,77.5134,77.51612,77.52494,77.529565,77.90682
563,121.27644,121.15356,121.17276,121.27644,121.285656,121.382424
29480,90.285675,90.26395,90.28173,90.285675,90.332105,90.63515
29481,96.064715,96.00798,96.048725,96.064715,96.09846,96.816975
566,102.137108,102.120212,102.127892,102.137108,102.14402,102.887445
567,110.939926,110.916886,110.921494,110.939926,110.94223,111.377687
18286,151.02384,150.564935,151.00334,151.02384,151.106495,151.395975
18287,86.88999,86.845255,86.87177,86.88999,86.91407,87.43064
18284,83.886835,83.44767,83.66762,83.886835,83.92867,84.51128
14256,104.783465,103.76715,104.767625,104.783465,105.17451,107.876805
4778,232.124975,231.935279,231.986735,232.124975,232.137263,232.856879
18283,94.566515,94.355495,94.42093,94.566515,94.74417,94.809535
14700,44.89193,44.70591,44.768465,44.89193,45.177645,45.44173
33688,123.11754,123.060455,123.083005,123.11754,123.153035,123.47939
18288,109.33465,109.02525,109.077685,109.33465,109.77632,110.302255
28579,104.12583,102.50664,103.97443,104.12583,105.0304,113.59668
3379,97.792532,97.767956,97.775636,97.792532,97.859348,98.661139
1189,20.527108,18.881284,19.85818,20.527108,21.314308,26.861573
28573,188.665305,186.900765,188.6575,188.665305,189.813875,190.478195
28572,103.109135,102.43822,102.892805,103.109135,103.30696,103.33538
1184,46.253577,46.229001,46.242825,46.253577,46.86337,50.675722
28570,145.044595,144.584515,144.75035,145.044595,145.773675,146.570705
3372,160.766241,160.610337,160.701729,160.766241,160.783137,161.415968
28575,245.62868,245.25553,245.50357,245.62868,245.68341,246.0298
30263,67.90689,62.475855,65.89123,67.90689,71.337915,73.655375
30260,56.96723,56.899445,56.91998,56.96723,57.461295,65.051495
30261,20.44998,19.25416,19.71151,20.44998,23.14365,25.057485
30266,132.705515,132.612355,132.66282,132.705515,132.780285,133.080715
34219,117.75935,117.458755,117.664755,117.75935,117.851055,117.86021
15370,116.6048,116.57561,116.58203,116.6048,116.672695,117.266745
34217,86.92592,86.859705,86.909205,86.92592,87.043875,87.33377
34215,154.78467,154.542985,154.77401,154.78467,154.847885,156.164545
34212,168.050735,166.70669,167.308965,168.050735,169.56685,169.6052
33796,110.785685,110.679895,110.715915,110.785685,110.795295,110.98811
31682,100.13582,100.1161,100.13563,100.13582,100.13999,100.516455
31138,114.684415,113.55346,113.780515,114.684415,115.14211,115.41021
13958,95.417445,95.343775,95.350785,95.417445,95.53962,95.967315
4247,84.137489,84.099857,84.111377,84.137489,84.170513,84.603665
13955,90.59908,90.53869,90.578585,90.59908,90.656825,91.044565
31131,119.54902,113.851075,114.72449,119.54902,126.641245,161.906355
4243,106.488598,106.133014,106.412566,106.488598,107.051542,108.103703
31133,108.181445,107.676035,108.02743,108.181445,108.22706,108.79507
13950,101.894775,101.883265,101.888265,101.894775,102.202055,102.88752
28681,226.73262,226.642295,226.68033,226.73262,226.78357,227.3101
28683,107.01886,106.466605,106.555195,107.01886,107.026575,108.204135
18138,117.963405,117.78222,117.839485,117.963405,118.182805,118.489785
28684,4.19461,3.98657,4.115005,4.19461,4.38881,5.742215
28687,72.847535,71.73491,72.60157,72.847535,73.06417,77.1067
18135,240.215405,240.15753,240.16589,240.215405,240.341355,242.661355
18130,117.21833,116.605785,116.81643,117.21833,117.45046,118.378575
48,78.723089,78.613265,78.630929,78.723089,79.018,81.806608
46,114.408984,112.384535,112.472855,114.408984,116.690712,120.12828
44,102.247701,101.78306,102.030356,102.247701,103.385877,124.439833
45,105.475606,105.238293,105.338133,105.475606,105.583125,105.93487
42,86.851602,86.515218,86.75253,86.851602,86.889234,88.148754
43,85.169681,85.139729,85.161233,85.169681,85.189649,85.74645
40,103.464213,103.398165,103.456533,103.464213,103.815189,104.140821
41,120.11676,119.069209,119.526169,120.11676,120.22812,122.266392
30089,94.014135,93.86658,94.00744,94.014135,94.035745,94.527205
30087,133.84712,133.64677,133.68075,133.84712,136.88332,141.78278
30081,200.44244,191.770475,199.802565,200.44244,203.483935,213.645395
35308,105.090335,104.978455,105.016215,105.090335,105.31512,105.405615
18321,81.672985,81.653335,81.66281,81.672985,81.69979,81.959545
35302,108.36425,108.311125,108.354955,108.36425,108.392465,108.63141
31350,61.092625,60.1658,61.03378,61.092625,61.37552,62.061005
31033,108.00058,107.929055,107.98293,108.00058,108.00395,108.54131
31355,71.12048,70.977225,71.029115,71.12048,71.209765,72.120035
31354,222.503865,222.259345,222.288685,222.503865,222.50697,222.660215
23198,87.13813,87.10214,87.109145,87.13813,87.21641,87.66898
23624,160.210175,158.973385,159.4358,160.210175,160.294495,164.0315
23622,112.13263,111.92928,111.98656,112.13263,112.19499,112.639515
23191,86.140455,86.09015,86.114745,86.140455,86.14463,86.621345
30884,94.84092,94.362425,94.795,94.84092,95.187685,95.41712
30885,148.08335,146.786095,146.966225,148.08335,149.230725,153.858
15072,84.63137,84.120645,84.479015,84.63137,84.85938,84.93921
30883,223.09822,222.945345,223.095425,223.09822,223.17946,223.60253
30880,108.236575,107.037065,107.468765,108.236575,109.273085,110.828165
19824,90.261105,90.24518,90.248755,90.261105,90.29404,90.71973
27757,75.67167,75.624785,75.64681,75.67167,76.42668,76.898985
28225,36.90684,36.67678,36.850765,36.90684,36.964265,38.1407
27750,109.29875,108.98333,109.14266,109.29875,109.374765,110.636845
16834,85.98579,84.732685,85.829145,85.98579,86.745225,87.12615
29441,106.803145,106.66439,106.75362,106.803145,106.88241,107.477035
23994,103.46828,103.25522,103.393205,103.46828,103.509225,104.138415
16831,83.397475,83.216635,83.30759,83.397475,83.506905,83.86666
29444,105.714115,105.28316,105.405235,105.714115,106.015325,106.99141
3162,95.063828,94.73666,94.826516,95.063828,95.254292,95.283475
29333,108.220415,108.00051,108.20063,108.220415,108.416085,109.101135
27284,154.913675,153.08461,154.37286,154.913675,158.43678,158.945315
27280,108.3734,108.300345,108.326075,108.3734,108.608395,108.735135
27282,147.93746,147.78642,147.861355,147.93746,148.41159,148.845545
27283,33.99972,33.142915,33.92815,33.99972,34.828555,36.42511
27289,81.5165,80.898995,81.303355,81.5165,81.62499,81.90456
23445,263.833845,263.740825,263.82066,263.833845,264.145625,264.488185
14291,121.74438,121.22604,121.505405,121.74438,122.08562,122.45346
17525,109.865215,109.43584,109.606685,109.865215,110.28695,110.305565
3924,177.868068,177.616932,177.795876,177.868068,178.248228,179.348772
33640,63.60172,63.53425,63.5923,63.60172,63.669195,64.32238
32109,105.46198,105.441105,105.45163,105.46198,105.47064,105.934435
18240,93.35486,92.61999,92.944055,93.35486,93.469165,93.619605
344,114.895127,114.857495,114.873623,114.895127,114.919703,115.576344
345,81.600785,81.08776,81.205265,81.600785,84.661266,147.355422
341,98.609684,98.489109,98.549012,98.609684,98.624277,99.366164
348,106.86415,106.32655,106.805014,106.86415,107.214357,108.053013
14294,207.627715,184.232665,206.51931,207.627715,213.841715,216.168155
19375,103.54298,103.486125,103.497385,103.54298,103.60223,104.040675
19374,109.82905,109.77895,109.779965,109.82905,109.894215,110.32429
32656,106.4298,106.355,106.40124,106.4298,106.430205,107.92533
32303,105.173675,102.60755,104.263355,105.173675,106.92623,438.215515
19370,111.456425,111.264055,111.430515,111.456425,111.51262,112.84148
16676,99.00711,98.386725,98.823055,99.00711,99.878995,107.855385
32658,112.334555,111.409355,112.12137,112.334555,112.66026,112.76515
32308,84.14696,84.114065,84.13121,84.14696,84.16565,84.556445
6150,95.226579,95.112504,95.137074,95.226579,95.233544,95.296646
33649,83.365155,83.24238,83.33887,83.365155,84.01367,84.64844
6152,87.868877,87.512854,87.604229,88.133525,89.364443
6153,229.786895,229.760075,229.785702,229.786895,229.833782,230.173005
6154,112.1337,112.040373,112.10714,112.1337,112.540995,112.583126
6155,1.849602,1.821066,1.840121,1.849602,1.850166,2.287782
6156,65.732142,65.647173,65.66552,65.732142,66.196895,66.474701
6157,211.702074,211.653667,211.699339,211.702074,211.778859,212.284454
6159,101.268487,101.095532,101.229206,101.268487,101.338879,101.620403
13028,128.895015,128.87982,128.880765,128.895015,128.90332,129.530945
10963,61.72163,61.50767,61.618865,61.72163,61.742385,62.210515
12101,105.769045,105.45771,105.491565,105.769045,106.09047,106.55194
12100,82.418965,81.218975,82.20353,82.418965,82.628595,88.505855
10969,100.788125,100.063555,100.223915,100.788125,101.306985,101.45288
25661,152.68931,152.21926,152.49136,152.68931,152.99137,163.213035
4526,103.620885,103.048724,103.15778,103.620885,104.230677,109.914646
26485,93.854335,91.65017,92.266895,93.854335,94.423365,101.66273
4525,98.733332,98.66498,98.70722,98.733332,99.16418,103.441173
21101,227.177625,226.918795,227.08196,227.177625,227.183305,227.625775
21105,107.439685,107.389045,107.427755,107.439685,107.55229,107.611865
21107,230.2791125,229.923835,230.230705,230.32752,230.32789
22715,76.581665,75.987575,76.52729,76.581665,77.284435,77.79838
22711,209.02861,198.04683,206.392355,209.02861,209.80567,496.32686
4837,126.647065,126.557977,126.640153,126.647065,126.994969,127.385114
6359,19.867904,19.842702,19.863472,19.867904,19.930483,20.444853
34348,110.055295,109.576765,109.974755,110.055295,110.09145,110.7007
26154,92.925395,90.68526,91.50172,92.925395,95.258005,98.853795
2268,137.359132,136.84918,137.06038,137.359132,137.546524,146.83395
2269,83.652881,83.467793,83.631377,83.652881,83.665937,84.074513
31790,111.485095,109.94731,110.11474,111.485095,113.708435,127.47538
2262,81.453328,81.427216,81.451792,81.453328,81.484816,82.076177
2260,109.005334,108.874774,108.92623,109.005334,109.046038,109.884694
2261,89.43285,89.299986,89.430546,89.43285,89.908242,89.92821
2266,113.915159,113.098007,113.171735,113.915159,114.341399,114.442007
2265,100.464404,100.444436,100.461332,100.464404,100.657172,101.404437
34346,106.171145,106.15023,106.156445,106.171145,106.356285,106.52606
22908,104.339265,104.22968,104.280295,104.339265,104.340945,104.716775
32937,145.82205,145.05071,145.535785,145.82205,145.97069,146.96987
23697,284.63715,284.470075,284.58076,284.63715,284.65987,285.20025
30669,278.759755,278.57993,278.5888,278.759755,278.85867,279.17404
22905,121.95304,119.47702,119.606645,121.95304,123.03258,124.39319
22906,111.456625,111.379955,111.420155,111.456625,111.578325,112.043985
4813,124.859161,124.593433,124.615705,124.859161,124.879897,125.336858
2047,109.30255,107.832598,108.075286,109.30255,117.727512,118.017048
2044,119.01852,118.685976,118.977048,119.01852,119.420952,119.645208
2042,112.821527,112.498199,112.618775,112.821527,113.412119,122.300185
33868,124.9648,124.3791,124.883185,124.9648,125.00623,126.07248
3151,93.316627,93.003283,93.032467,93.316627,93.481747,93.690643
2048,83.630609,83.598353,83.622161,83.630609,83.645969,84.031505
2049,100.256276,100.1933,100.255508,100.256276,100.32386,101.766933
11616,86.691825,86.665825,86.68124,86.691825,86.7439,87.02312
11617,78.73325,78.715835,78.726235,78.73325,78.753655,79.3246
11610,97.81688,97.63382,97.795165,97.81688,97.92861,98.619235
10638,127.47452,127.416975,127.45492,127.47452,127.490665,127.737605
10637,78.909335,78.05375,78.124425,78.909335,81.593515,85.49207
10636,87.98093,87.863115,87.90702,87.98093,88.01021,88.80714
11618,78.53773,78.506135,78.536495,78.53773,78.54887,79.042195
3156,106.037013,105.892629,105.957141,106.037013,106.262806,107.750422
11948,96.244155,96.193385,96.235895,96.244155,96.40015,96.724925
33476,99.60091,99.350885,99.51428,99.60091,99.736465,100.045455
11947,220.76366,220.700605,220.74185,220.76366,221.027045,221.68959
11944,180.142665,180.086705,180.096345,180.142665,180.303385,180.628095
14133,120.451175,95.40374,98.26608,120.451175,188.2116,193.910635
14134,125.41599,124.6677,125.13526,125.41599,125.46228,125.77425
33473,80.352945,80.21085,80.31956,80.352945,80.359795,80.92806
11940,95.217295,95.042715,95.057965,95.217295,95.40436,96.120475
32939,95.534405,91.665535,94.89741,95.534405,96.27695,100.199205
18062,67.421635,67.33183,67.404465,67.421635,67.572765,68.220305
28795,100.15146,100.059945,100.08007,100.15146,100.43127,100.99184
18061,99.320515,99.18692,99.213025,99.320515,99.34422,99.759595
28792,87.70075,87.577695,87.635225,87.70075,87.76776,88.48598
31031,114.250455,113.71733,114.14665,114.250455,114.258095,114.622185
33212,117.2187,117.13734,117.19371,117.2187,117.808095,117.93001
33213,104.126135,103.68922,103.81044,104.126135,104.37783,104.506135
33211,112.842145,112.80308,112.826735,112.842145,112.865955,113.252355
34972,90.8218,90.70446,90.757155,90.8218,90.9333,91.052885
34970,107.315525,107.282835,107.29251,107.315525,107.32106,107.932425
34977,109.745315,106.93341,108.915285,109.745315,110.40977,112.174295
34975,112.01668,111.589685,112.010135,112.01668,112.039975,114.030885
20415,92.69951,92.5999,92.668945,92.69951,92.77332,93.218315
34979,93.14434,92.988375,93.03036,93.14434,93.203235,94.23689
20410,249.840515,249.812025,249.834105,249.840515,249.844635,250.324085
20413,126.413865,126.07462,126.239375,126.413865,126.41763,126.868555
10093,109.024895,109.00879,109.02357,109.024895,109.04794,109.50503
10092,113.900825,113.842745,113.854825,113.900825,113.93599,114.51331
27505,133.880095,133.66231,133.74834,133.880095,133.919905,134.94582
10095,236.262935,234.98056,235.776605,236.262935,236.848125,248.33157
10094,122.597865,122.50206,122.56476,122.597865,122.645205,122.921915
10099,24.774285,24.476535,24.737955,24.774285,28.53553,30.977075
10098,85.046365,84.939695,84.98193,85.046365,85.271525,85.398665
18931,107.43716,106.57297,107.1125,107.43716,108.891945,108.98412
21252,113.58416,113.52819,113.558825,113.58416,113.650885,114.10767
15669,65.388985,65.190545,65.213625,65.388985,65.442585,65.530735
15668,120.982585,120.526215,120.72547,120.982585,120.999585,122.1897
12943,82.12892,82.114185,82.12723,82.12892,82.14248,82.76516
12941,91.64053,91.576195,91.61865,91.64053,91.736145,92.557125
15660,97.140975,96.96805,97.04267,97.140975,97.368175,97.56066
15667,77.4814,77.368355,77.383505,77.4814,77.60709,78.14668
12946,125.423005,125.410665,125.413425,125.423005,125.427135,125.66208
15665,83.364635,83.337515,83.353775,83.364635,83.386175,83.76561
12944,93.299075,93.28462,93.286805,93.299075,93.381805,93.854765
29568,117.62068,116.1399,116.676275,117.62068,118.17873,118.5667
29566,105.625115,105.5739,105.624865,105.625115,105.69058,106.851665
29562,84.806685,84.769575,84.785345,84.806685,84.821385,85.27627
29560,96.80629,96.704625,96.73121,96.80629,96.810475,97.00035
14390,156.059105,154.71106,155.758285,156.059105,156.614705,157.469545
14391,91.885245,91.595705,91.6994,91.885245,92.156645,92.966025
16771,104.019505,103.94432,103.96582,104.019505,104.155455,104.91644
19276,203.23396,202.95787,203.143445,203.23396,203.776265,207.080495
30745,102.89562,102.79961,102.80627,102.89562,102.93876,103.484305
30744,115.98814,115.740535,115.95345,115.98814,116.065695,116.16135
30747,95.06578,95.028035,95.037805,95.06578,95.0842,95.33005
30746,97.71481,97.61283,97.703035,97.71481,97.85556,98.51928
30741,126.99853,126.899935,126.928585,126.99853,127.02642,127.327185
30743,118.51332,118.469165,118.49755,118.51332,118.54707,119.27559
19270,81.051305,79.04005,79.449525,81.051305,81.40713,88.663325
15448,84.35479,84.311275,84.32864,84.35479,84.52789,84.925775
32712,138.3821925,134.998205,138.066615,138.69777,142.904465
16777,99.48862,99.46299,99.488145,99.48862,99.50977,99.782615
26718,124.395165,124.339255,124.39252,124.395165,124.39965,124.901875
26716,246.25913,246.023895,246.0905,246.25913,247.20398,247.5928
11075,107.93675,107.81892,107.88792,107.93675,108.05404,109.21689
34798,88.88046,88.79735,88.82565,88.88046,89.128015,89.922405
34799,91.555705,91.482145,91.547245,91.555705,91.66415,91.80168
34797,85.23877,85.0501,85.23841,85.23877,85.291875,85.98971
34795,87.344235,86.94317,87.2769,87.344235,88.924,339.22493
34793,220.158195,219.836415,220.0951,220.158195,220.36702,220.75333
34790,50.58868,50.030665,50.542125,50.58868,51.849265,54.92233
6091,77.789568,77.724492,77.740385,77.789568,77.900095,78.14307
30012,108.410565,108.190035,108.23775,108.410565,108.499515,108.995485
12061,102.804895,102.778835,102.789975,102.804895,103.065975,103.4687
12063,122.40495,122.38734,122.392585,122.40495,122.40624,123.00887
24414,85.598625,85.55268,85.584115,85.598625,85.708365,86.46403
24415,92.605805,92.55641,92.58568,92.605805,92.696855,92.91242
24417,120.19062,119.9547,120.12027,120.19062,120.295125,120.77887
4383,128.742939,128.709915,128.719131,128.742939,128.956443,129.490202
4381,102.667797,102.466581,102.540309,102.667797,102.848276,103.187733
4380,95.9309,95.916308,95.926292,95.9309,95.964692,96.424723
12065,128.37589,128.12181,128.27242,128.37589,128.737305,128.745455
407,88.67637,88.647186,88.652562,88.67637,88.681746,89.230865
1370,91.940371,91.777555,91.837459,91.940371,92.251411,158.378528
1372,107.626006,106.03087,106.94863,107.626006,107.748118,109.103639
402,104.023317,103.545621,103.976469,104.023317,104.146965,104.383509
401,124.704793,124.568857,124.614169,124.704793,124.772377,159.588128
28219,118.806775,118.301345,118.74006,118.806775,119.449,125.401335
28744,149.401255,148.986715,149.203045,149.401255,149.577515,149.838015
28745,108.403945,107.898755,108.167155,108.403945,109.42061,111.893695
28214,97.84886,97.481505,97.53514,97.84886,98.24717,98.310575
28215,87.421715,87.38677,87.392035,87.421715,87.429955,87.939495
28740,85.222765,85.07197,85.131265,85.222765,85.26192,85.69266
28741,105.399315,104.88342,105.303215,105.399315,106.862905,107.13068
28966,97.834485,97.41748,97.51135,97.834485,98.22392,98.552425
28743,83.17338,83.02177,83.08328,83.17338,83.409225,83.99056
22479,95.80877,95.78277,95.78428,95.80877,95.987745,96.390595
22470,223.0666625,103.799905,158.46593,287.667395,1487.567875
22471,224.29233,224.20148,224.25431,224.29233,225.021775,225.26919
22476,84.52809,84.496035,84.510555,84.52809,84.92481,85.337605
34164,101.180635,100.05462,100.331305,101.180635,110.39243,121.504895
13720,248.21013,248.136925,248.15236,248.21013,248.29766,248.83242
13724,96.57985,96.40501,96.477935,96.57985,96.583215,96.58446
13725,245.67919,245.62891,245.66175,245.67919,245.68724,246.206385
13727,243.72539,243.70291,243.706065,243.72539,243.72553,244.18126
13728,247.322615,247.23053,247.29119,247.322615,247.350865,248.224945
26362,115.255245,115.140445,115.214945,115.255245,115.41304,115.66247
11379,115.77301,115.68813,115.73216,115.77301,116.00455,116.380965
11378,85.07071,84.931815,84.99579,85.07071,85.074865,85.458785
11375,109.582895,107.97587,108.91684,109.582895,110.17224,120.961185
11374,116.497185,116.4574,116.45884,116.497185,116.547035,116.988405
11371,118.235305,117.90047,118.05634,118.235305,119.22782,119.31027
19419,101.2839,100.3537,101.10192,101.2839,101.67285,102.24409
19148,82.375665,81.96733,82.368155,82.375665,82.733585,85.699155
32826,17.795775,16.876045,17.23465,17.795775,18.261005,20.69173
32827,20.190755,18.76791,19.898405,20.190755,20.566105,21.202335
32534,123.823245,123.320395,123.608625,123.823245,123.842975,123.945905
32536,107.936965,107.836205,107.897,107.936965,107.94959,108.738175
32537,95.06883,94.66384,95.024655,95.06883,95.1081,95.40434
35448,109.783295,109.734755,109.769135,109.783295,109.83876,110.12169
32794,114.566615,114.493625,114.519445,114.566615,114.631035,115.02327
23872,101.88935,100.920515,101.54365,101.88935,101.94073,101.990965
32797,97.780535,97.443935,97.56585,97.780535,97.906125,97.96174
23875,92.744425,92.67968,92.73816,92.744425,92.76285,93.23273
32793,95.285335,95.18564,95.27377,95.285335,95.36166,96.42981
27648,82.11443,82.02952,82.03431,82.11443,82.149825,82.391865
32799,114.778585,114.74392,114.765285,114.778585,114.85263,115.360075
27142,191.131025,190.8829,190.94544,191.131025,195.61958,199.737715
27148,73.929555,73.345115,73.898235,73.929555,73.954585,74.138365
25438,108.529275,108.298975,108.362155,108.529275,110.977625,119.06893
11151,107.669085,107.643715,107.65861,107.669085,107.66914,108.49558
25432,122.14411,122.126045,122.138725,122.14411,122.174785,122.82625
25124,81.133245,81.085265,81.12101,81.133245,81.197495,81.577755
23685,102.250015,102.18085,102.240635,102.250015,102.58251,102.974465
13855,93.429675,93.39832,93.416,93.429675,93.470425,93.985235
4981,56.407308,56.370444,56.384268,56.407308,56.450316,57.077003
2458,108.45007,108.121366,108.362518,108.45007,108.540694,108.892438
2455,107.76655,107.668246,107.702806,107.76655,107.861014,108.441622
2453,97.248788,97.176596,97.214228,97.248788,97.302548,97.895444
2452,112.551959,112.285462,112.545815,112.551959,112.694807,112.740887
656,112.251671,112.118807,112.200983,112.251671,112.604183,112.633366
16808,109.48455,107.909275,108.759165,109.48455,110.785225,111.11317
34954,161.932885,143.358695,144.53371,161.932885,161.977975,175.30746
16801,93.91434,93.58948,93.653395,93.91434,94.134185,94.234045
1500,80.877329,80.828176,80.85736,80.877329,80.916497,81.765136
18776,100.090355,99.91775,99.974995,100.090355,100.159475,101.520095
1501,106.866454,106.575382,106.750486,106.866454,106.981654,107.443222
20474,78.562735,78.51487,78.559715,78.562735,78.600875,79.171425
652,126.036506,125.98121,126.020378,126.036506,126.455833,477.157728
6361,225.131277,225.032264,225.087744,225.131277,225.236858,225.531533
6360,98.945396,98.706464,98.84149,98.945396,99.019436,99.50789
12134,75.64372,75.63301,75.633765,75.64372,75.682355,76.204265
10400,40.151825,40.00559,40.11803,40.151825,41.16711,42.7168
10402,16.760645,16.524285,16.75577,16.760645,17.734535,18.099335
10403,65.84428,65.829805,65.841225,65.84428,65.85224,66.42129
1504,107.95855,107.662102,107.795734,107.95855,108.251926,118.824216
10406,45.39358,45.35376,45.386275,45.39358,45.706985,46.53608
10159,133.058725,132.155475,132.67644,133.058725,134.578335,138.482375
18777,128.303825,127.93034,128.249385,128.303825,128.91956,131.232735
3085,112.48975,112.336151,112.39375,112.48975,112.523542,112.816151
24830,99.32261,99.190855,99.29489,99.32261,99.71124,99.738705
28312,96.11968,92.73121,95.37194,96.11968,98.382805,99.080755
18848,23.33006,23.180835,23.199655,23.33006,23.369905,23.976315
21739,130.82048,130.743615,130.805895,130.82048,130.85599,131.45028
14899,105.029815,104.95143,104.979665,105.029815,105.195845,105.619675
33048,153.78695,153.579785,153.731715,153.78695,154.549895,155.324515
33047,179.66747,179.1707,179.569635,179.66747,179.73454,179.918595
33046,76.96185,76.63927,76.87654,76.96185,77.034245,77.41158
14895,95.23223,94.938025,94.973345,95.23223,96.38602,96.47906
14894,150.441325,150.3156,150.39745,150.441325,151.62559,153.551815
33043,96.72696,95.27536,96.34242,96.72696,98.1998,264.32336
18845,232.360695,232.046495,232.07205,232.360695,232.390385,232.628545
18846,178.303385,178.25267,178.287715,178.303385,178.422605,178.662155
21735,86.24413,86.186635,86.232805,86.24413,86.83568,86.897885
3082,102.760725,102.725396,102.739988,102.760725,102.7661,103.276053
26966,135.82648,135.74259,135.78116,135.82648,136.228235,136.336085
26968,108.85903,108.422255,108.61179,108.85903,108.915975,109.715425
23332,56.655455,55.33866,56.03137,56.655455,56.73316,58.51805
4018,143.132957,142.604572,142.742813,143.132957,143.451677,144.840221
14090,31.340185,31.28973,31.31155,31.340185,31.34937,31.69126
14099,30.34543,29.89857,30.308045,30.34543,30.514625,31.12058
3230,122.293273,122.201881,122.279449,122.293273,122.501401,122.8662
23336,113.30719,112.71541,113.13904,113.30719,113.639255,113.762505
3238,105.497877,105.353493,105.444885,105.497877,105.550869,105.597717
3239,90.931986,90.604818,90.73461,90.931986,92.125458,251.64293
13267,90.759915,90.605075,90.75247,90.759915,90.765455,91.21492
13266,25.207245,24.99424,25.127735,25.207245,25.228745,25.41585
13263,255.81896,255.347255,255.814335,255.81896,255.8229,256.465735
13262,159.664465,159.40126,159.4973,159.664465,159.728805,160.39858
18434,147.503385,147.37965,147.425535,147.503385,147.715915,148.122095
2873,125.143321,125.074201,125.084953,125.143321,125.173273,125.617178
2877,108.714262,108.506902,108.536854,108.714262,108.762646,109.116694
11962,97.687275,97.55958,97.607285,97.687275,98.243795,102.906285
2542,95.581459,95.571475,95.575315,95.581459,95.746579,96.206612
2878,161.407521,161.203233,161.379873,161.407521,161.832225,162.92048
14273,105.70157,105.598945,105.63761,105.70157,105.7066,106.16198
14272,106.416305,106.33459,106.370855,106.416305,106.64481,107.18753
3357,104.287509,104.007189,104.046357,104.287509,104.340501,104.687637
28512,101.97181,100.88021,100.92842,101.97181,105.25803,165.105525
14277,105.95256,105.167765,105.584865,105.95256,106.39193,109.26716
3353,86.561298,86.530578,86.534418,86.561298,86.689554,87.125778
28516,94.418665,94.311675,94.344015,94.418665,94.449845,94.63282
14279,94.93367,94.895065,94.89984,94.93367,94.953995,95.587
20069,72.504235,72.321725,72.486095,72.504235,72.84295,73.485395
34899,125.09278,125.041355,125.07465,125.09278,125.10436,125.559825
30249,76.917055,76.4978,76.81447,76.917055,77.68462,87.283775
30539,106.21286,105.96895,106.014875,106.21286,106.42348,106.87438
30240,240.665495,238.689045,239.546095,240.665495,241.70729,247.376725
30537,76.75292,75.597235,75.64608,76.75292,77.297515,77.326905
30242,73.55381,71.79793,71.853385,73.55381,73.90983,75.010975
34894,111.70928,111.33966,111.602625,111.70928,111.71023,111.852235
30246,60.98583,60.212415,60.70619,60.98583,61.200955,61.23041
34896,86.75295,86.70916,86.717225,86.75295,87.37207,104.347105
31113,81.16624,80.880735,80.903495,81.16624,98.0678,119.35045
31112,90.048085,90.012005,90.021785,90.048085,90.102645,91.04585
31117,121.0626,119.635325,120.152595,121.0626,121.083065,121.09437
31116,82.18787,81.43553,82.11099,82.18787,83.571525,83.69445
31114,47.737895,45.652805,45.93817,47.737895,50.833315,54.026295
13805,301.19902,301.09345,301.123105,301.19902,301.21295,301.781875
18159,94.016325,93.965005,93.985125,94.016325,94.05052,94.30642
12925,79.37085,79.11991,79.16212,79.37085,79.42092,79.54596
34092,123.566445,122.455325,123.449475,123.566445,124.26923,124.681225
34097,137.423885,136.988165,137.166025,137.423885,137.609435,138.534165
34096,182.91318,182.890515,182.898215,182.91318,182.928145,183.43138
34099,105.802055,104.94254,105.47928,105.802055,108.088115,108.19141
34098,151.511555,150.654555,150.846765,151.511555,151.81116,153.673095
12929,83.971515,83.888705,83.965745,83.971515,84.168915,84.33779
541,191.175974,191.119142,191.165222,191.175974,191.408678,192.066855
29973,106.27114,105.777115,106.032275,106.27114,106.34718,106.885675
549,128.122394,127.67849,128.103962,128.122394,129.04937,137.796124
29979,97.85881,97.759675,97.82541,97.85881,97.89654,98.814225
23601,160.791075,160.67146,160.773335,160.791075,160.921435,162.865915
3884,127.903514,127.791386,127.848986,127.903514,128.037146,128.707609
27774,88.01097,87.896805,87.94817,88.01097,88.056995,88.549765
27777,90.336345,89.680125,89.76285,90.336345,92.271675,92.980575
17318,121.98255,121.84309,121.92481,121.98255,122.08357,122.7431
3880,125.369881,125.346073,125.346841,125.369881,126.149402,127.004185
991,88.911378,88.665618,88.73013,88.911378,89.200146,114.364439
3320,106.742038,106.098453,106.742038,106.742038,107.069974,339.832388
15050,33.882555,31.933415,32.860535,33.882555,34.08457,36.06495
15051,103.761315,103.71284,103.71721,103.761315,103.77392,104.07978
15053,34.778435,30.086105,30.357685,34.778435,35.95996,37.67335
29606,102.976815,101.912905,102.171365,102.976815,103.3681,103.52601
29607,112.53339,111.978195,112.06384,112.53339,112.596115,112.813275
35146,84.54834,84.08659,84.13685,84.54834,84.746265,88.626765
29605,95.95116,95.642195,95.935055,95.95116,96.042935,96.31393
35140,77.918555,77.494285,77.855395,77.918555,77.95292,85.72127
35141,115.30145,115.25324,115.30064,115.30145,115.332115,115.76571
29600,93.471145,93.36178,93.43766,93.471145,94.180085,95.243415
25953,29.789785,29.760795,29.768945,29.789785,29.81815,30.29947
35148,94.991945,94.934285,94.980985,94.991945,95.07343,95.619345
35149,252.10311,251.80093,252.078935,252.10311,252.6758,252.84575
31873,107.90131,107.550325,107.836905,107.90131,107.92906,108.00562
25955,32.50667,32.471215,32.484915,32.50667,32.605195,33.15691
3827,126.947353,126.861337,126.889753,126.947353,126.957337,127.600922
23461,200.797995,199.86686,200.360825,200.797995,201.37023,205.11604
23462,222.807025,222.55568,222.641835,222.807025,222.89786,222.938025
23463,85.5748,85.208225,85.36727,85.5748,85.75531,85.992905
23464,272.165015,271.757975,271.98868,272.165015,272.447445,272.682545
3821,126.207002,126.177818,126.190874,126.207002,126.256922,127.110938
3820,127.531034,127.407386,127.469594,127.531034,127.542554,128.662298
3327,104.616981,104.541717,104.547861,104.616981,105.136917,105.378838
32499,92.235865,91.102695,91.288785,92.235865,93.208025,94.196395
3828,126.650138,125.669401,125.859865,126.650138,126.820633,126.852889
34637,93.7359,93.699305,93.705815,93.7359,93.93426,94.130065
34632,111.61153,110.753495,110.78255,111.61153,111.770605,131.347985
34014,96.509175,95.5101,95.799515,96.509175,97.28541,109.083295
34638,32.101255,31.382935,31.45049,32.101255,33.65974,36.10494
28509,96.48864,96.358865,96.42162,96.48864,96.5833,97.672
35327,93.18303,93.12452,93.152845,93.18303,93.188365,93.621195
10338,28.473825,26.121085,26.85222,28.473825,29.88016,32.50127
361,107.680534,107.345686,107.357974,107.680534,107.737366,108.291862
19353,109.8005,109.729295,109.754445,109.8005,109.803475,110.174495
19609,93.3419,93.23474,93.2539,93.3419,93.370455,94.508145
19356,114.73279,114.60957,114.692095,114.73279,114.975745,115.295
32675,140.19667,139.80466,139.85432,140.19667,140.413715,140.46394
19354,109.761585,109.706255,109.719785,109.761585,109.797475,110.25038
19605,95.372695,95.318655,95.35332,95.372695,95.37746,95.707575
32679,174.350025,162.1361,162.98237,174.350025,176.65101,184.551455
16126,107.48665,107.219455,107.34409,107.48665,107.518545,108.133555
16120,269.985535,269.79016,269.85775,269.985535,270.28913,270.720285
19603,112.48051,111.59341,112.231445,112.48051,114.080705,119.440355
6178,82.746866,82.736556,82.746516,82.746866,82.768511,83.273753
6179,233.810968,233.800571,233.809533,233.810968,233.817172,234.311004
6176,244.820232,244.808466,244.819761,244.820232,244.857783,245.366079
12726,31.907725,30.590405,30.887255,31.907725,31.98366,33.019975
6174,75.900848,75.86883,75.885414,75.900848,75.912991,76.400758
6175,81.343475,81.175991,81.204727,81.343475,81.355415,81.605828
6172,80.749539,80.431795,80.432275,80.749539,81.016988,81.142443
12722,112.78544,112.70038,112.713145,112.78544,112.815405,113.12531
12721,81.470145,80.95063,81.18718,81.470145,81.59484,82.51324
6171,90.4472,90.373396,90.414792,90.4472,90.455051,91.244334
10988,85.339285,85.18681,85.206445,85.339285,85.399365,86.01337
14661,86.45718,86.30592,86.431255,86.45718,86.48184,87.433475
10986,80.94239,80.85593,80.899505,80.94239,80.957485,81.39592
10982,24.374555,23.32769,24.124845,24.374555,25.46424,25.58156
25603,117.710385,117.6604,117.69227,117.710385,117.760035,118.28566
25606,104.80863,104.752065,104.808055,104.80863,104.814,105.39395
25605,87.87682,87.793285,87.8025,87.87682,87.937305,88.35843
21129,85.546965,85.41078,85.525055,85.546965,85.664635,86.720025
21127,149.88997,149.52526,149.75766,149.88997,150.70293,154.877625
24957,94.406085,94.335275,94.363525,94.406085,94.96647,95.121495
21123,17.61474,16.51712,17.143405,17.61474,18.748555,23.769105
24953,88.22891,88.13077,88.213615,88.22891,88.26914,88.61093
21120,240.84061,240.810245,240.821285,240.84061,240.91793,241.708595
22732,289.18608,289.047585,289.08464,289.18608,289.456185,289.657945
22731,81.940815,80.84741,81.754095,81.940815,82.3529,83.148315
22735,127.57592,127.177285,127.553465,127.57592,127.68265,127.930685
28383,172.94573,171.283955,171.36863,172.94573,173.032415,173.660065
33982,114.00374,111.56377,112.71056,114.00374,122.611595,134.834175
2205,127.120922,126.377498,127.066394,127.120922,127.194649,128.158491
2206,117.924888,112.982806,115.238423,117.924888,118.891032,119.007
33231,163.35193,160.359465,160.64655,163.35193,165.72065,165.84762
31809,96.90603,96.76867,96.77956,96.90603,96.907765,97.53459
11586,120.878475,120.81176,120.821355,120.878475,120.88245,121.45612
11587,117.30437,116.82862,116.940235,117.30437,117.34769,118.26588
11585,108.20026,108.159305,108.163115,108.20026,108.242735,108.897085
11582,81.44083,81.04382,81.11516,81.44083,85.246745,91.48687
11583,109.548405,109.521815,109.52403,109.548405,109.61688,109.947465
32214,98.41511,97.968145,98.368365,98.41511,98.82682,99.10251
16505,89.418405,89.37113,89.41618,89.418405,89.4775,91.075385
33984,219.52384,219.46172,219.50743,219.52384,219.544995,220.246235
16051,140.504175,140.26013,140.395415,140.504175,140.776025,140.79492
33237,42.86424,42.40386,42.83871,42.86424,43.23646,43.58382
900,127.661594,127.516442,127.654682,127.661594,127.727642,128.594714
21385,98.378515,98.37272,98.37301,98.378515,98.476155,98.97361
30503,40.282765,39.41649,40.14299,40.282765,41.75347,50.14458
901,112.105751,110.686486,110.992918,112.105751,112.158743,112.717847
17529,79.21568,78.23232,78.49036,79.21568,79.302675,79.41729
17294,100.60868,100.13292,100.234005,100.60868,101.217145,101.556515
17295,263.8931,263.698415,263.77613,263.8931,264.036145,264.740725
17297,102.68551,102.30582,102.516585,102.68551,103.734045,104.06993
17291,113.38888,112.49485,112.669685,113.38888,113.603975,120.023205
17293,20.004035,19.96224,19.968495,20.004035,20.0326,20.458175
30500,115.920735,111.43136,113.95465,115.920735,117.936595,118.84166
4528,114.514967,114.438167,114.460439,114.514967,114.572567,115.042583
4831,114.667799,114.654743,114.659352,114.667799,114.680855,115.153175
30507,99.685885,99.157595,99.343195,99.685885,99.711115,100.02727
13454,125.47574,125.014955,125.39228,125.47574,125.739405,127.300885
4832,103.644693,103.554069,103.606293,103.644693,104.435733,105.000213
4835,105.436438,104.400405,104.649237,105.436438,105.559318,106.185238
13453,80.43082,80.395335,80.425735,80.43082,80.453495,81.305865
13450,103.6516,103.463035,103.550915,103.6516,103.78127,103.81838
4422,97.291028,97.234964,97.277972,97.291028,97.603604,97.747988
11638,93.411445,92.100655,92.62148,93.411445,94.04788,95.02329
11639,92.61231,92.565145,92.584395,92.61231,92.700345,93.300505
21193,91.058905,88.05878,88.50452,91.058905,92.36482,96.97408
11634,78.166765,78.105075,78.13173,78.166765,78.180975,78.61666
11635,155.829185,155.638915,155.70869,155.829185,156.33813,156.410955
11630,98.717435,98.678195,98.711195,98.717435,98.830415,99.25609
11632,85.63635,85.317355,85.54443,85.63635,85.74982,85.866055
11633,107.96208,105.147085,106.573995,107.96208,110.37266,121.613545
30763,97.29089,96.66753,96.774005,97.29089,97.67118,98.555545
33182,146.00377,145.94163,145.993015,146.00377,146.0765,146.433555
33183,32.51727,28.890435,30.514625,32.51727,32.61732,34.00028
12618,125.475955,125.448675,125.451785,125.475955,125.493715,126.11321
33187,78.832235,78.81149,78.812045,78.832235,78.89226,79.629175
33184,25.051035,24.46624,24.91462,25.051035,25.213185,26.221015
33185,101.666315,101.078515,101.24402,101.666315,102.36442,106.494565
13187,82.05992,82.03457,82.04152,82.05992,82.179015,82.487865
11018,28.42472,28.394445,28.422105,28.42472,28.44117,28.88767
13188,97.65898,97.568295,97.5912,97.65898,97.70537,98.197025
17744,127.52654,127.25452,127.47008,127.52654,127.54914,127.99759
30765,129.668435,124.406975,127.26842,129.668435,138.250325,142.950545
30988,134.59036,134.576255,134.59009,134.59036,134.606335,135.195695
30987,80.000955,79.932175,79.981975,80.000955,80.02802,80.68084
31602,81.126235,81.049415,81.094055,81.126235,81.12745,81.429495
20384,95.42769,95.34984,95.369815,95.42769,95.444015,95.685055
34405,121.083605,120.28873,121.059015,121.083605,121.266475,121.93082
20389,118.19937,117.97511,118.050505,118.19937,118.277595,118.88253
34959,116.730005,114.786715,115.651935,116.730005,118.400035,120.003655
20478,81.112055,81.10047,81.102195,81.112055,81.140095,81.638085
20479,76.79936,76.78271,76.78503,76.79936,77.239,80.973655
34400,109.208795,109.162425,109.208525,109.208795,109.552595,109.56389
20472,127.27756,127.20581,127.216775,127.27756,127.35088,127.66969
20473,127.110015,126.92155,126.967635,127.110015,128.500995,128.64655
20476,86.49952,86.2337,86.28531,86.49952,86.653915,86.70569
20477,249.94661,249.93638,249.94578,249.94661,250.03694,250.54648
34956,81.40605,80.33378,80.795655,81.40605,81.485015,82.60083
34957,112.3873,111.17865,111.768625,112.3873,112.908615,113.241055
6272,93.536724,93.409941,93.454323,93.536724,93.584735,94.045102
33455,89.91628,89.87373,89.90605,89.91628,89.918475,90.17978
18433,125.83748,125.41831,125.688525,125.83748,127.051035,128.04876
18432,107.09338,107.06238,107.06424,107.09338,107.148495,107.534295
11961,108.49361,108.372965,108.434505,108.49361,108.71358,109.174675
18437,25.824965,25.187535,25.5967,25.824965,26.0041,26.038745
18439,94.92295,94.464595,94.78869,94.92295,95.317835,95.329385
18438,58.671335,58.47391,58.56778,58.671335,58.83887,59.166925
11968,126.960665,126.78481,126.850195,126.960665,127.41428,127.884385
33470,276.347635,276.320895,276.347085,276.347635,276.512295,276.940115
30187,122.19478,122.11318,122.11559,122.19478,122.220695,122.871995
12920,36.65327,30.78755,36.460845,36.65327,41.098345,46.956175
30185,148.91268,148.629555,148.742385,148.91268,167.66021,208.745345
12922,111.86894,111.46908,111.50126,111.86894,114.021495,114.55676
15605,75.103505,74.906545,75.086,75.103505,75.162505,76.456275
12927,135.41967,132.48744,134.510505,135.41967,137.94425,140.531255
15606,102.12992,101.963195,102.01666,102.12992,102.68255,102.73689
15609,27.302515,26.941385,27.087745,27.302515,27.830765,28.82738
10215,128.10272,128.067855,128.094595,128.10272,128.135235,128.557265
10214,108.353885,107.837655,108.08553,108.353885,108.64366,109.493375
10210,75.96945,75.94929,75.96551,75.96945,76.00044,76.4394
10218,123.194155,123.11714,123.174565,123.194155,123.202735,123.58134
28355,164.4174,164.394405,164.400685,164.4174,164.6695,164.685635
33230,137.28967,131.792625,135.12271,137.28967,137.501845,140.453825
33983,100.08689,99.982735,100.012145,100.08689,100.10269,100.497245
33980,133.23798,132.88354,133.20757,133.23798,133.57404,133.722915
33981,107.350245,106.30277,107.32343,107.350245,108.461235,108.509975
33986,112.640495,112.054175,112.4506,112.640495,112.881965,114.116955
18389,87.40013,87.321735,87.34259,87.40013,87.40908,87.79804
18388,168.314405,165.255535,167.22195,168.314405,169.430565,169.49777
33239,136.944115,134.162355,135.39687,136.944115,137.035945,154.1593
18385,209.72349,209.640735,209.668555,209.72349,209.8695,210.294385
18384,78.53706,78.470535,78.5278,78.53706,78.56053,78.99122
15933,30.321955,29.16669,30.01395,30.321955,30.376445,31.620855
30761,112.927065,112.145705,112.42222,112.927065,112.950705,113.23273
30767,89.29391,87.84207,88.692765,89.29391,89.93179,90.893835
30766,118.084275,117.9123,118.01862,118.084275,118.237305,118.63713
30989,110.302405,110.238065,110.28785,110.302405,110.494665,110.941475
15934,209.47342,209.297915,209.4162,209.47342,209.570275,209.9365
34406,85.68268,85.65197,85.67662,85.68268,85.72262,86.56548
30986,116.135315,116.008855,116.04698,116.135315,116.242115,116.64521
30769,127.77939,127.098535,127.34004,127.77939,127.959575,128.05054
30768,109.45608,109.15604,109.376935,109.45608,110.08756,111.6131
30983,111.05719,110.22839,110.85405,111.05719,111.121225,111.6765
30982,109.16729,109.102785,109.162225,109.16729,109.17594,109.488045
30981,123.202625,123.006125,123.047235,123.202625,123.461955,123.52594
34401,135.39938,132.84896,133.136485,135.39938,135.70322,136.115985
26733,243.71675,243.13337,243.5965,243.71675,243.77604,245.010585
26732,95.5604,95.14438,95.470325,95.5604,95.737245,96.00257
14784,109.090055,108.943915,109.030845,109.090055,109.69308,112.935875
26738,129.223475,129.000215,129.191155,129.223475,129.52859,129.666485
31589,255.10696,254.64291,255.003195,255.10696,255.174395,255.469855
59,103.129365,102.787605,103.033365,103.129365,103.444245,103.703061
58,105.287445,104.927253,105.195286,105.287445,105.688341,106.294293
24387,100.68895,99.95607,100.09895,100.68895,100.739725,101.098835
55,86.671889,86.441489,86.515985,86.671889,86.756369,87.955218
31581,151.17191,151.087,151.10341,151.17191,151.26982,151.89587
57,87.43605,87.371538,87.375378,87.43605,87.475986,87.907602
56,107.26351,107.206678,107.207446,107.26351,107.488534,108.754966
51,144.935453,144.329501,144.864029,144.935453,146.05827,184.751654
52,118.16988,118.065432,118.0662,118.16988,118.275863,118.77276
14319,115.507425,113.93212,114.545305,115.507425,115.60521,116.109635
2992,121.867032,121.65276,121.742616,121.867032,121.984536,122.700313
2993,103.491093,103.409685,103.434261,103.491093,103.948053,105.358102
21331,99.190935,99.102165,99.133455,99.190935,99.191235,99.555965
19952,20.049145,19.25344,19.39157,20.049145,20.912805,21.898595
19917,219.63396,219.154775,219.495335,219.63396,219.85125,222.18621
11036,85.170105,85.11242,85.127115,85.170105,85.957275,86.300635
11037,132.64854,132.591495,132.636075,132.64854,132.669465,133.16506
28231,134.006145,133.8233,133.961795,134.006145,134.14229,134.56076
14511,185.624555,185.61163,185.62355,185.624555,185.75206,186.04772
28238,105.085445,105.003475,105.07904,105.085445,105.19257,108.43608
11038,119.46961,118.58201,119.464025,119.46961,119.55935,121.10889
14519,114.767765,114.17396,114.303365,114.767765,115.603435,116.170435
429,99.806228,99.402259,99.763988,99.806228,101.325332,124.783129
428,108.10831,108.08143,108.09679,108.10831,108.11215,108.784917
28728,117.93413,117.78819,117.80614,117.93413,118.04538,119.105985
28729,101.464605,101.225305,101.23351,101.464605,101.546285,101.795795
33341,119.13179,118.428505,118.53761,119.13179,119.15697,119.862595
19550,248.39934,247.507325,247.95876,248.39934,248.752755,251.766525
421,91.343634,91.259923,91.335186,91.343634,91.362834,92.001043
28723,147.736115,147.53522,147.688445,147.736115,147.98199,147.99317
28720,14.29259,14.215655,14.24654,14.29259,14.39057,14.748185
422,120.467736,120.415512,120.444696,120.467736,120.493848,120.840985
28726,84.04493,83.783885,83.898485,84.04493,84.753915,85.54261
28727,222.54498,221.76752,221.877665,222.54498,224.30778,225.06869
19724,117.761695,117.7304,117.74905,117.761695,117.801805,118.048425
19555,19.42647,19.172735,19.353515,19.42647,19.44589,19.48365
14132,24.31018,22.88067,24.17604,24.31018,26.819465,29.56996
19884,92.947705,92.92431,92.933465,92.947705,92.96721,93.31835
3457,149.457439,149.29539,149.319198,149.457439,149.458206,149.958942
32804,245.47508,245.37733,245.45818,245.47508,245.500845,245.711795
32805,106.119035,106.08432,106.11614,106.119035,106.160095,106.693135
19166,125.37883,125.33475,125.341755,125.37883,125.39973,125.909145
19167,290.00768,281.08982,281.22594,290.00768,297.540865,299.560985
19160,210.36337,210.143605,210.158445,210.36337,210.4545,210.9913
19161,91.400605,91.19065,91.37645,91.400605,91.616615,92.12567
32803,159.08361,158.38283,158.829605,159.08361,159.104245,160.699545
853,106.586902,106.162966,106.371862,106.586902,107.293462,112.862231
11357,116.997715,116.300045,116.804585,116.997715,117.328675,117.750585
17083,91.4238,91.27885,91.40046,91.4238,91.463165,91.698085
35467,64.259865,64.216075,64.256105,64.259865,64.76175,64.901805
11801,12.468435,12.43539,12.458675,12.468435,12.524475,13.021235
858,76.037392,75.904528,75.952143,76.037392,76.162575,76.558864
14316,216.41553,216.40047,216.41359,216.41553,216.431415,217.07411
18718,201.39682,198.565105,200.6705,201.39682,203.901095,428.260795
19292,128.824785,128.774945,128.79801,128.824785,128.83259,129.665015
23818,83.08156,83.061575,83.07708,83.08156,83.18652,83.740785
19291,107.475775,107.37017,107.41541,107.475775,107.556135,107.807735
19295,93.906485,93.821075,93.855235,93.906485,93.968515,94.480275
19298,108.47288,108.01926,108.40528,108.47288,108.552945,108.939665
19299,210.342045,210.29793,210.33554,210.342045,210.61524,211.024615
27129,80.73033,80.535955,80.560615,80.73033,81.70473,82.07827
27120,25.95791,25.51523,25.76284,25.95791,25.97152,29.11345
27122,73.6234,70.30304,72.647015,74.599785,75.24236
27124,147.81343,146.21771,146.732915,147.81343,148.60687,148.85065
13625,87.715975,87.59197,87.599475,87.715975,88.18472,91.622465
25144,318.43296,317.71682,318.099095,318.43296,318.560725,319.14855
13671,86.02402,84.602995,84.757685,86.02402,88.119655,501.578775
31937,93.312535,93.248185,93.267115,93.312535,93.494695,93.993395
18813,234.216965,234.185875,234.18839,234.216965,234.29468,234.774205
2334,97.93154,97.886228,97.923092,97.93154,97.96994,98.679572
4712,113.463575,113.415959,113.445911,113.463575,113.628694,114.058007
13820,95.920335,95.71599,95.880315,95.920335,95.981845,96.371745
3476,111.30703,111.098134,111.159574,111.30703,112.420631,115.571735
13677,113.640135,111.90584,113.349005,113.640135,115.942325,121.441455
2431,95.23586,94.934036,95.122196,95.23586,95.384084,96.374035
2430,104.451093,103.793685,104.291349,104.451093,106.74895,107.36335
2437,86.599698,86.229522,86.390034,86.599698,86.728721,86.880017
4719,86.590482,86.567442,86.573586,86.590482,86.85621,87.04053
19836,90.7209,90.675345,90.709595,90.7209,90.82472,91.12743
19837,90.562525,90.47201,90.504015,90.562525,90.69627,91.002325
19834,88.287745,88.078745,88.275115,88.287745,88.605485,88.809765
19835,96.493265,96.31478,96.412875,96.493265,96.66798,112.63954
19832,92.32445,92.278045,92.28761,92.32445,92.35839,92.716465
16827,121.692225,121.17535,121.410015,121.692225,121.706175,123.12669
19838,121.40083,121.20715,121.367565,121.40083,121.464745,122.07068
32119,79.469665,79.396915,79.41179,79.469665,79.55034,80.38185
6341,2.243955,2.211242,2.217158,2.243955,2.284577,2.756622
6340,102.837158,102.792146,102.824652,102.837158,102.849487,103.367344
6343,17.870039,17.741633,17.863647,17.870039,17.879398,18.119565
6342,83.674257,83.577113,83.658278,83.674257,83.804416,84.087146
6345,209.560455,209.448631,209.544112,209.560455,209.623108,210.091308
6344,127.709449,127.592339,127.629661,127.709449,127.711797,127.822845
6347,219.920021,219.874134,219.919573,219.920021,219.920026,220.344115
6346,94.125688,94.079736,94.120321,94.125688,94.130698,94.77947
12118,98.185915,97.924675,98.08192,98.185915,98.227475,98.50274
6348,80.553099,80.198848,80.199893,80.553099,80.57322,81.075248
17196,108.60466,107.30858,107.34886,108.60466,109.590555,110.42021
17195,136.081505,135.9486,136.010345,136.081505,136.410445,136.87647
10179,106.43229,106.420495,106.427425,106.43229,106.504805,106.97273
28477,245.1784,245.08844,245.121305,245.1784,245.193995,245.56223
10176,124.765475,124.680545,124.731635,124.765475,124.796185,134.328565
21710,125.74069,125.52171,125.713045,125.74069,125.85062,126.0909
12410,228.76533,228.069115,228.573295,228.76533,228.86668,229.48702
21714,232.651295,231.0577,232.546995,232.651295,233.992225,234.62469
21243,103.63246,103.42497,103.52554,103.63246,103.864875,104.057225
21241,100.45027,100.330855,100.345185,100.45027,100.570645,101.46132
21719,221.171655,220.86843,221.033085,221.171655,221.369585,221.95454
21248,104.15819,103.952015,104.08384,104.15819,104.191465,104.79778
3782,127.22921,127.128602,127.184666,127.22921,127.31369,127.83593
3780,128.779802,128.616218,128.68073,128.779802,128.820506,129.581594
3781,222.100268,220.322348,221.213996,222.100268,223.370541,223.898157
3786,154.444831,153.209118,154.437151,154.444831,154.805791,156.022304
3789,109.396246,109.177366,109.338646,109.396246,109.424662,109.798678
4996,124.624153,124.571161,124.575769,124.624153,124.739353,124.879897
12413,212.43399,211.897525,211.970955,212.43399,212.82334,212.926735
4990,112.763927,112.516631,112.564247,112.763927,112.779287,113.410583
4991,107.937046,107.894806,107.909398,107.937046,108.119062,108.628245
4999,123.561241,123.303961,123.818521
26948,35.526365,35.026785,35.267425,35.526365,37.16943,38.064555
26949,148.217395,147.52363,148.164185,148.217395,148.91172,149.431955
26942,106.08124,104.77027,105.66226,106.08124,106.215505,106.82202
26943,100.838795,99.04697,99.57463,100.838795,101.08328,101.114935
26944,158.464925,158.156375,158.206875,158.464925,158.691225,158.97128
26945,91.205705,90.660305,91.155025,91.205705,92.063235,92.266005
26946,43.828555,42.9023,42.938565,43.828555,49.02431,69.63891
26947,106.96281,106.916615,106.93505,106.96281,107.033585,107.34361
25263,99.2446,99.12703,99.142435,99.2446,99.733335,100.6811
14079,113.403015,108.4576,111.870415,113.403015,114.18437,115.02046
14078,21.638475,20.1431,21.42692,21.638475,22.69752,22.764705
14075,211.072745,210.94915,211.05923,211.072745,211.113145,211.60269
25968,82.373775,82.33142,82.354515,82.373775,82.473275,82.87483
14070,78.737865,78.62528,78.65757,78.737865,78.744825,79.117365
14073,96.074465,95.96273,96.051985,96.074465,96.09799,96.985315
3250,102.584084,102.51266,102.519573,102.584084,102.752277,103.137045
3252,13.012226,12.932354,12.958466,13.012226,13.202691,13.929219
3253,125.934362,125.862937,125.929753,125.934362,125.970458,126.420506
3254,104.943381,104.713749,104.811285,104.943381,105.453333,105.866518
33694,164.50637,164.486235,164.50394,164.50637,164.522865,165.053855
13242,96.35189,95.70588,96.056385,96.35189,97.33227,98.93802
13244,17.26518,17.03244,17.20971,17.26518,17.300425,17.30128
35135,228.312975,225.356635,227.68779,228.312975,228.89222,229.839835
13249,6.436065,4.92558,5.06378,6.436065,9.203505,11.60369
13248,101.202055,101.131695,101.167135,101.202055,101.21622,101.66042
15165,134.56675,134.47497,134.541745,134.56675,134.813355,134.90413
2859,121.5798,121.29948,121.42236,121.5798,121.822488,121.921561
2858,17.259268,17.13178,17.17402,17.259268,17.664771,17.760004
31102,29.885125,29.001665,29.305065,29.885125,30.28948,30.58383
2851,127.402778,127.337498,127.355162,127.402778,127.478042,127.895834
3719,265.510709,265.245749,265.396277,265.510709,265.973045,278.066744
2852,98.294036,98.1197,98.131988,98.294036,98.360852,98.984468
2856,121.667353,121.626649,121.637401,121.667353,122.188057,125.557274
1490,107.413269,106.180629,107.379477,107.413269,107.500054,153.634591
14218,80.338035,79.498295,80.278345,80.338035,81.571785,81.822745
1493,143.784221,143.656733,143.778077,143.784221,143.832605,144.218141
3337,105.484821,105.475606,105.477141,105.484821,105.513237,105.962518
28539,85.06984,83.29312,84.324775,85.06984,86.161015,88.242765
1497,98.575124,98.473748,98.544404,98.575124,98.674964,98.798612
28537,13.499785,12.98047,13.109155,13.499785,14.69762,15.22117
14213,91.87848,91.5059,91.83411,91.87848,91.889895,92.36623
28534,101.415645,100.02553,100.985885,101.415645,103.73303,104.254875
28533,35.06196,32.70227,34.07389,35.06196,40.188075,49.220605
423,261.333557,261.324341,261.333556,261.333557,261.478708,268.551221
28531,105.473815,105.437025,105.461435,105.473815,108.95532,114.802275
14216,102.14629,102.01394,102.055325,102.14629,102.167955,102.304495
30515,83.72724,83.687155,83.716015,83.72724,83.74728,84.214585
30516,135.713975,133.79523,134.135835,135.713975,136.128055,136.266115
20040,188.807325,188.71755,188.788925,188.807325,188.81466,189.669575
20047,95.900215,94.916515,95.373665,95.900215,95.94866,96.25392
30513,47.958625,46.968255,47.929515,47.958625,49.43561,50.48468
425,77.308432,77.291535,77.30536,77.308432,77.334544,77.737744
20049,95.35069,95.230855,95.307995,95.35069,96.00137,96.09303
32037,131.29894,128.99138,130.480325,131.29894,139.85307,142.506135
19956,75.60822,74.99101,75.39968,75.60822,76.6831,77.21667
18171,108.20718,108.18869,108.20645,108.20718,108.251835,108.629565
29245,125.457995,124.744795,124.931415,125.457995,125.534055,129.599705
16273,151.314865,151.12731,151.25151,151.314865,151.386955,152.19532
18176,92.348405,92.12568,92.31374,92.348405,92.445175,92.817315
29714,104.01878,103.85971,103.886745,104.01878,104.134715,104.943125
32032,91.95276,91.948305,91.951375,91.95276,92.086215,93.03358
3811,126.85289,126.790682,126.832153,126.85289,126.97193,127.543322
4826,101.693204,101.649428,101.692436,101.693204,101.708564,102.026517
29717,111.616575,110.839835,111.596195,111.616575,112.05505,115.015755
33771,176.007735,175.944555,175.957095,176.007735,176.02457,176.584845
33690,123.4195,123.36618,123.402195,123.4195,123.512395,124.09019
4078,208.922154,208.792363,208.912171,208.922154,209.03121,209.340714
18510,18.157745,15.2272,16.538275,18.157745,18.27252,21.20581
32075,106.689685,106.574075,106.596865,106.689685,108.865575,110.091415
14814,97.111505,96.91083,97.09874,97.111505,97.148765,97.985615
14812,171.37317,169.293325,170.06522,171.37317,172.013845,176.273715
28393,93.160195,92.57901,93.123945,93.160195,93.531295,101.647645
28392,122.4668,121.65184,121.946445,122.4668,122.74727,125.98643
28391,128.33331,127.43966,128.17818,128.33331,128.47293,129.108395
1237,125.804569,125.723929,125.764633,125.804569,128.072474,140.755228
28397,149.677795,149.42007,149.60262,149.677795,150.181795,152.63102
1232,135.796251,135.734811,135.771675,135.796251,136.425244,136.4767
23665,89.367545,89.35903,89.360015,89.367545,89.395335,89.961235
27717,120.12654,118.75288,119.118725,120.12654,120.431795,120.54458
15087,102.05072,101.382775,101.66406,102.05072,104.072595,104.902525
15038,41.086845,39.716605,39.766015,41.086845,41.733065,42.0116
15039,81.196195,81.09807,81.15829,81.196195,81.36913,81.53851
15033,96.842985,96.815925,96.818755,96.842985,96.843655,97.03419
15037,106.683475,106.63948,106.643915,106.683475,106.69149,108.119775
15035,24.98279,15.777065,21.56669,24.98279,25.01053,25.02677
31171,93.83063,93.480015,93.76061,93.83063,94.03413,94.36948
13566,20.19388,20.12875,20.154495,20.19388,20.199955,20.621455
31173,159.781365,159.014565,159.62145,159.781365,160.12054,160.321035
31172,106.597685,106.517175,106.518025,106.597685,106.99359,107.08037
35126,115.777755,115.231695,115.717095,115.777755,116.384715,117.39457
31174,93.090565,91.85096,92.00821,93.090565,93.30836,94.00283
29624,79.04914,78.994605,79.03586,79.04914,79.092225,79.486945
31178,107.232575,106.658975,107.03251,107.232575,108.48443,110.717125
3164,91.02261,90.905874,91.001106,91.02261,91.025682,92.067859
29622,88.738095,88.536535,88.602315,88.738095,88.886475,89.23456
29623,102.102105,101.44985,101.59107,102.102105,102.136435,103.007845
13565,60.24125,60.22019,60.22436,60.24125,60.278545,60.690885
3804,125.429785,125.230105,125.330713,125.429785,125.487385,125.84297
3807,125.538073,125.330713,125.336089,125.538073,125.75849,125.776153
32471,30.37291,30.07769,30.24427,30.37291,31.369955,32.64559
23483,202.6362,202.51908,202.5567,202.6362,204.299305,205.507405
32473,189.84444,189.776335,189.83942,189.84444,189.854755,191.336715
4672,157.015328,156.884,156.96464,157.015328,157.092128,157.63664
34612,116.42398,115.37219,116.186525,116.42398,116.42695,116.754085
34610,129.91872,125.953965,129.45229,129.91872,131.91644,135.73572
34616,112.856845,112.34878,112.42332,112.856845,112.916705,113.79425
34614,20.524655,20.467835,20.482995,20.524655,20.729795,20.803575
34618,91.342105,90.83266,91.327055,91.342105,92.808065,97.009215
15145,82.148835,80.08398,82.09114,82.148835,82.306425,82.93329
24596,83.55491,82.598515,82.83588,83.55491,93.99444,94.994475
24593,109.18744,109.06298,109.12561,109.18744,109.246,109.54628
24592,93.84098,93.809025,93.831,93.84098,93.89936,94.4661
31390,14.770385,14.75802,14.768745,14.770385,14.773675,15.188
31393,35.940815,31.640265,32.86056,35.940815,37.92513,39.8069
32619,124.3344175,123.13719,124.323965,124.34487,125.164885
19164,77.8076,76.87298,77.734065,77.8076,77.839535,78.07918
16108,106.10034,106.057095,106.07858,106.10034,106.14152,106.485255
32074,128.96591,128.697605,128.91056,128.96591,129.12978,129.18329
19331,91.50929,90.242155,90.865335,91.50929,94.149935,94.53303
32610,97.67297,97.4938,97.528945,97.67297,97.81341,98.97593
16101,131.95251,130.275355,131.308625,131.95251,135.849495,140.80705
19332,80.00914,79.977115,79.978495,80.00914,80.07396,80.67956
32615,95.12501,94.792515,94.920545,95.12501,95.13317,95.9085
32614,127.237045,127.218805,127.233705,127.237045,127.266105,127.6579
19624,80.618925,80.565475,80.56787,80.618925,80.6896,81.448935
22539,116.143105,115.76935,116.074205,116.143105,116.314105,116.41369
22286,222.58882,221.298455,221.499185,222.58882,223.43134,223.620375
22288,23.326055,22.9991,23.310135,23.326055,24.11224,24.23415
22531,119.565295,119.05185,119.539695,119.565295,120.07911,121.35175
22530,122.42331,122.35031,122.418385,122.42331,122.51922,122.77228
22533,99.615705,99.417065,99.610935,99.615705,99.89514,100.882635
4174,112.248598,110.215702,111.744022,112.248598,112.796183,113.350679
14369,99.25971,97.676555,97.783055,99.25971,99.335125,99.589065
13887,224.00635,223.873745,223.929755,224.00635,224.021175,230.34462
13886,237.496435,237.18351,237.318545,237.496435,237.660985,238.368985
13881,95.39215,95.309965,95.35203,95.39215,95.564335,95.780905
33918,92.99001,92.9224,92.98393,92.99001,92.995845,93.762375
26445,83.679445,83.663115,83.66827,83.679445,83.697595,84.247075
19163,95.21971,92.900195,93.496185,95.21971,99.0982,100.6783
26441,70.319995,70.284615,70.31119,70.319995,70.32099,72.048305
4179,101.978133,101.967381,101.969685,101.978133,102.217749,102.650901
3060,148.717855,148.402974,148.576542,148.717855,148.907551,149.203229
24627,250.67415,250.636455,250.654395,250.67415,250.74723,251.13878
24628,140.43941,139.16392,140.19119,140.43941,141.250215,141.824965
24979,96.512805,96.420385,96.479905,96.512805,96.54438,97.058395
24973,290.51396,289.89307,290.062065,290.51396,290.694005,292.847575
24972,87.22052,87.105275,87.161405,87.22052,87.351105,88.088895
24971,56.80486,56.20152,56.37101,56.80486,64.46845,65.725195
24970,105.48665,105.43288,105.485905,105.48665,105.64256,106.180475
24977,87.434345,87.421555,87.425215,87.434345,87.53488,87.993105
33911,119.757435,119.463955,119.532635,119.757435,120.99898,121.53435
14360,150.28266,149.69091,149.84573,150.28266,155.578275,161.18268
22751,200.55301,197.539725,200.4732,200.55301,202.82286,203.74731
22750,74.933015,69.26878,73.832145,74.933015,79.869325,81.56634
22755,229.53264,229.169515,229.218335,229.53264,229.60924,229.731135
33913,99.897005,99.617955,99.79532,99.897005,100.048755,101.547685
22757,128.23182,127.60938,128.173075,128.23182,128.791225,128.85465
31823,107.310715,106.90025,107.05184,107.310715,107.99853,111.3745
31822,115.61029,114.885215,115.21319,115.61029,117.169335,123.899125
31820,95.79723,95.400605,95.473935,95.79723,95.98095,96.271075
31827,96.159445,95.610825,95.688305,96.159445,96.689825,97.640365
31825,100.35648,100.07887,100.323745,100.35648,100.373675,101.31536
2229,111.717911,111.538199,111.582743,111.717911,111.783191,112.144918
2226,84.582929,84.568337,84.570641,84.582929,84.598289,85.127441
26192,114.600605,113.43195,114.15088,114.600605,116.095245,116.995695
2225,93.104659,93.077011,93.093139,93.104659,93.475603,94.864915
2223,121.640472,121.383192,121.394712,121.640472,122.046745,122.065945
2220,91.134738,90.832146,91.110162,91.134738,91.15317,92.865811
1,87.235602,87.11733,87.229458,87.235602,87.406866,87.939858
10725,89.395615,89.372505,89.390475,89.395615,89.40609,90.185835
14366,133.10732,133.02802,133.079015,133.10732,133.18705,133.534675
14271,90.67565,90.533415,90.64313,90.67565,90.771105,91.52546
17505,119.392195,118.794815,119.028975,119.392195,121.363275,122.585305
17500,95.374895,94.966185,95.02817,95.374895,95.42594,95.45828
17502,85.061045,84.80481,84.895215,85.061045,85.27756,85.448365
17503,89.85733,89.82816,89.83495,89.85733,89.892235,90.264935
17508,220.974015,220.714195,220.71456,220.974015,221.22601,221.31642
20311,194.06782,193.9799,193.99416,194.06782,194.077645,194.63089
998,105.027093,104.062485,104.248341,105.027093,106.574614,121.336344
13476,85.83119,85.546355,85.650195,85.83119,85.91951,86.39737
13477,103.42501,103.37892,103.39186,103.42501,103.444475,104.19962
10051,101.937805,101.924665,101.93718,101.937805,101.939525,102.22344
4502,115.633943,115.528727,115.550231,115.633943,115.701527,116.067096
4509,77.008912,76.956688,76.992784,77.008912,77.254672,85.141265
4683,96.570644,96.525332,96.569876,96.570644,96.601364,96.903188
2088,87.740178,87.70101,87.711762,87.740178,87.747858,88.21173
2089,110.753302,110.547478,110.71951,110.753302,110.97295,111.917591
25089,116.42673,116.328375,116.357245,116.42673,116.447685,117.062775
2083,76.725519,76.700176,76.714767,76.725519,76.90984,77.111824
25086,211.309155,211.25972,211.276615,211.309155,211.42732,211.95054
2081,114.822167,114.339095,114.426647,114.822167,115.118615,115.676952
2087,89.794578,89.759249,89.781521,89.794578,89.860626,90.406674
25082,221.033325,220.287565,220.637225,221.033325,221.37208,222.24989
2085,102.457365,102.200085,102.346005,102.457365,102.461205,103.700757
11656,109.33352,108.90135,109.14076,109.33352,111.4664,118.636165
20674,82.110955,81.731995,81.805625,82.110955,82.11412,82.314
27955,130.19072,129.938655,130.183555,130.19072,130.24573,130.72215
17762,88.018915,87.84678,87.912755,88.018915,88.18026,91.205495
17763,125.6501,125.509905,125.599275,125.6501,125.652855,126.237135
27952,29.53132,29.28534,29.354635,29.53132,29.737065,29.98321
17767,28.558875,28.549435,28.551395,28.558875,28.63416,29.06094
17768,126.581095,126.383635,126.439595,126.581095,126.85951,127.351555
20678,94.64132,94.621005,94.638315,94.64132,94.92566,94.951055
27959,98.764245,98.607895,98.74975,98.764245,98.85057,99.396905
24004,105.225125,104.40221,105.091915,105.225125,105.78807,106.791515
30739,112.72978,112.23018,112.35944,112.72978,113.523585,120.22265
32668,85.799805,85.72449,85.744495,85.799805,85.82764,86.272955
32612,176.15937,169.642065,171.60484,176.15937,177.612745,180.663945
16137,115.79722,114.06753,114.67559,115.79722,117.552495,120.112265
20907,222.17656,222.064515,222.085755,222.17656,222.197645,222.43322
20452,93.54893,93.495145,93.547795,93.54893,93.57255,94.14429
32667,92.19989,91.655425,91.9523,92.19989,92.25915,94.377575
20902,81.59983,81.347275,81.44344,81.59983,81.744515,82.34453
20456,88.2993,88.24424,88.260995,88.2993,88.31293,88.806725
20458,90.609885,90.58284,90.590595,90.609885,90.628775,91.0752
16644,104.73292,104.57846,104.622865,104.73292,104.769345,118.85141
27489,75.757475,75.721155,75.730985,75.757475,75.82039,76.16386
32661,85.104255,84.47739,84.94721,85.104255,85.105835,85.44903
16646,95.48218,95.419465,95.47049,95.48218,95.53896,95.975215
14274,82.93711,82.7367,82.780735,82.93711,82.96363,83.046045
32663,99.475415,99.43323,99.474535,99.475415,99.53984,100.05693
6168,83.072844,82.930757,82.963947,83.072844,83.125901,83.823521
11902,187.966225,176.96352,187.637215,187.966225,201.93128,212.9727
11903,118.216475,118.18847,118.206915,118.216475,118.344845,118.87186
11900,94.03282,93.40626,93.6541,94.03282,94.28875,95.688885
33431,228.98048,228.96421,228.97961,228.98048,228.990435,229.65705
11906,119.117765,117.915005,119.1168,119.117765,119.61759,120.41854
12300,61.429,61.338945,61.4282,61.429,61.633385,62.08599
12303,48.42212,46.540275,47.410035,48.42212,49.62591,50.70038
33435,54.97914,54.41342,54.937785,54.97914,55.329575,56.464325
18416,219.34548,216.213575,218.087095,219.34548,220.423065,236.936725
33439,93.07147,92.371075,92.95396,93.07147,94.84816,95.39656
12308,87.344755,87.16641,87.326555,87.344755,87.376415,88.262825
18411,76.22722,75.513375,75.895085,76.22722,76.37313,76.803015
30169,188.708665,188.10605,188.36108,188.708665,189.85672,212.926245
12908,75.199865,75.04899,75.125125,75.199865,75.435145,75.482465
30167,78.83707,78.729845,78.82744,78.83707,78.915655,79.198365
12904,104.978985,104.9427,104.94293,104.978985,105.013455,105.350025
15623,143.110615,135.854305,142.523215,143.110615,146.314115,146.5899
12902,114.263315,114.211955,114.229615,114.263315,114.30344,114.59111
12901,131.92336,131.624055,131.727095,131.92336,132.04223,141.91251
10233,84.962075,84.920275,84.924565,84.962075,85.048605,85.31503
10231,85.938575,85.761325,85.87096,85.938575,86.40041,86.712395
10237,103.1283,102.934345,103.01082,103.1283,103.204285,104.25003
10234,117.962515,117.917885,117.948865,117.962515,118.097985,118.180475
10239,103.80222,103.77554,103.78854,103.80222,103.80644,104.359315
10238,170.59018,170.387,170.50095,170.59018,170.634765,170.92593
21505,80.649185,80.62142,80.63265,80.649185,80.778765,81.18043
21500,98.565615,98.47132,98.532335,98.565615,98.61609,99.179395
24023,83.69712,83.62746,83.64978,83.69712,83.997125,85.1071
21502,107.297495,107.187345,107.250215,107.297495,107.51422,108.390635
21509,90.813155,90.784105,90.79966,90.813155,90.82417,91.41949
34011,108.95254,108.079055,108.457235,108.95254,110.971095,111.85929
30025,89.903505,89.84444,89.898155,89.903505,89.916965,90.427155
6166,90.510506,90.456808,90.465368,90.510506,90.889698,92.06904
34013,95.24739,95.005845,95.20894,95.24739,95.307565,95.582665
30709,108.26609,108.221915,108.23635,108.26609,108.79445,110.725605
15958,82.591785,82.199035,82.565015,82.591785,83.178785,84.66815
30702,101.620895,101.602795,101.61985,101.620895,101.647405,102.009405
30705,98.98002,98.310305,98.58264,98.98002,99.74734,105.702505
30704,79.231695,79.173625,79.200335,79.231695,79.31247,79.921675
30707,78.819725,78.661995,78.71403,78.819725,78.8418,79.337195
12883,83.894455,83.78108,83.796955,83.894455,83.919115,84.339655
12880,87.987625,87.96735,87.98434,87.987625,87.99765,88.454265
14686,94.74664,94.73763,94.743755,94.74664,94.84453,95.43223
24368,82.03806,82.01069,82.034735,82.03806,82.05674,82.66891
24361,159.37713,159.34371,159.37569,159.37713,159.45869,159.957045
1008,205.234986,204.93009,205.04913,205.234986,205.261098,205.891625
1004,187.74071,187.445798,187.57943,187.74071,187.764518,188.069414
23813,84.335515,84.328585,84.333355,84.335515,84.37721,85.253905
1000,223.081773,222.068012,222.082604,223.081773,224.063277,224.425005
32715,95.558435,95.512155,95.55365,95.558435,95.666835,96.06081
4347,95.146003,95.106835,95.10914,95.146003,95.47394,95.904787
4346,88.488978,88.264722,88.372242,88.488978,89.392914,92.140051
4345,93.010194,92.921875,92.957202,93.010194,93.071635,93.546259
4344,93.355795,93.222163,93.287443,93.355795,93.534739,108.823318
28702,114.48935,113.824965,113.834025,114.48935,114.619915,114.759975
28256,73.61794,73.145885,73.611995,73.61794,73.941945,74.84671
28255,59.14543,58.72903,58.851095,59.14543,59.429255,59.790575
28708,140.25096,140.21491,140.249065,140.25096,140.282455,141.03697
14536,132.151535,131.968065,132.092145,132.151535,132.41437,132.83611
14537,200.697315,200.24105,200.630915,200.697315,201.227445,202.362355
11010,11.500445,9.92032,10.92694,11.500445,12.573805,14.31886
14531,97.68394,96.884715,96.96712,97.68394,113.359645,155.99541
14533,100.42605,99.801095,100.29873,100.42605,100.471735,101.209745
34424,86.367785,86.29592,86.322575,86.367785,86.41836,87.51721
34427,93.216435,93.19903,93.21267,93.216435,93.45241,93.878355
14332,106.155815,103.679145,106.001215,106.155815,106.84191,108.00015
34423,109.045405,106.312865,108.278215,109.045405,114.024895,115.633445
17883,253.670955,253.50476,253.642145,253.670955,253.793115,254.400965
17882,146.43564,146.372675,146.39617,146.43564,146.674535,146.72296
17885,87.24783,87.111615,87.182545,87.24783,87.26278,87.78434
34429,116.41533,116.129445,116.410775,116.41533,116.49001,117.07935
14333,83.955925,83.871185,83.908725,83.955925,83.986935,84.81464
19103,197.361855,197.30372,197.328655,197.361855,197.45194,197.82139
19100,95.31975,94.55922,95.023555,95.31975,95.980775,96.87932
32861,248.367975,240.051365,244.39793,248.367975,262.0601,264.562045
32866,122.31504,122.283985,122.30018,122.31504,122.32929,122.829655
19104,79.94845,79.88151,79.92977,79.94845,79.948975,80.59584
32868,94.40773,94.364345,94.370415,94.40773,94.41064,94.63731
21016,44.52372,33.6198,43.18996,44.52372,48.73714,51.118805
24244,164.265515,164.122625,164.214515,164.265515,164.3257,164.939965
17907,89.009585,88.976105,88.97878,89.009585,89.00981,89.689285
35484,208.696095,206.771025,208.30954,208.696095,209.589775,214.626335
35480,219.02031,217.547445,217.55076,219.02031,219.990025,220.339255
32204,95.444435,94.9781,95.28761,95.444435,95.53817,95.744695
24240,89.83963,88.625005,89.2825,89.83963,92.511715,93.15494
23345,110.763645,110.53609,110.740365,110.763645,112.435785,114.143615
23836,86.926035,86.919465,86.92151,86.926035,86.94691,87.380645
23343,94.05186,94.035495,94.040305,94.05186,94.11325,94.51208
23342,233.51976,233.45361,233.46178,233.51976,233.63927,234.03788
11487,118.407075,118.35535,118.39922,118.407075,118.42998,118.89409
11484,94.112905,93.915985,93.9922,94.112905,94.232695,95.98986
23839,103.50544,103.34406,103.407445,103.50544,103.61109,106.61538
28879,282.594815,282.242665,282.26926,282.594815,282.92351,283.072
27102,124.08769,118.595475,119.58058,124.08769,124.399075,128.87173
25148,174.453825,174.434985,174.43916,174.453825,174.58849,174.90631
21133,49.80696,49.070355,49.61264,49.80696,49.97435,51.829975
25164,323.96204,323.49313,323.81492,323.96204,324.271885,325.056525
25161,282.0445,281.937155,282.014775,282.0445,282.124005,282.58401
32286,175.57204,175.46769,175.53529,175.57204,175.859395,176.00356
32284,77.595655,77.220775,77.249195,77.595655,77.62928,78.48334
32281,87.31454,87.030845,87.29089,87.31454,87.47273,87.984305
17492,16.30873,15.947865,16.142935,16.30873,16.6881,17.382405
15622,124.355835,123.307605,123.624815,124.355835,125.634765,134.729005
12681,64.3834,64.354275,64.369815,64.3834,64.38806,64.88701
28592,71.12708,69.88549,70.66895,71.12708,71.38727,82.000685
12685,37.024245,36.06305,36.50234,37.024245,37.29662,38.164905
12686,28.50742,27.721505,28.27911,28.50742,28.80527,39.19647
12688,35.79368,34.87929,35.34949,35.79368,36.656925,37.665495
22859,98.296335,98.18458,98.29595,98.296335,98.41941,98.58587
21885,23.352975,23.24332,23.32354,23.352975,23.394015,23.65669
28046,83.73081,83.385495,83.486735,83.73081,84.42122,115.30424
10826,102.833745,102.73672,102.805445,102.833745,102.85875,103.474015
10824,133.286705,133.12657,133.18727,133.286705,133.36965,133.402505
3577,96.4109,96.240404,96.286484,96.4109,96.424724,97.334804
22853,75.167735,74.704915,75.05337,75.167735,76.572475,78.509125
21086,93.66952,93.66164,93.667265,93.66952,93.6713,94.087415
21087,76.170775,75.10518,75.923855,76.170775,76.71115,81.744335
32134,110.505085,110.43668,110.44484,110.505085,111.02267,111.34573
19815,113.449895,113.30159,113.42325,113.449895,113.8711,115.206575
32136,100.675205,100.558785,100.61578,100.675205,100.747595,101.069125
16377,121.490485,121.42381,121.472545,121.490485,121.514045,121.95746
19810,90.76137,90.73926,90.753205,90.76137,90.7798,91.47421
19811,91.71002,91.642265,91.697165,91.71002,91.72504,92.10433
19812,91.254905,91.244525,91.24673,91.254905,91.273085,91.82906
19813,91.635265,91.62016,91.6315,91.635265,91.690655,92.10441
4293,85.129745,85.015313,85.075985,85.129745,85.296401,85.644306
1302,88.876818,88.647186,88.740114,88.876818,88.93749,89.281554
4496,145.865502,145.833246,145.846302,145.865502,145.868574,146.426141
23208,109.287445,105.82851,106.062355,109.287445,109.61137,110.21399
4494,100.8077,100.29314,100.584212,100.8077,100.869141,101.777685
26271,126.875435,126.184625,126.510275,126.875435,127.16933,127.81318
31816,103.97189,103.6586,103.929635,103.97189,104.013675,104.65669
13610,133.25725,133.17861,133.2571,133.25725,133.28773,133.868335
22377,95.50311,95.336065,95.365015,95.50311,95.556845,95.68493
4490,115.481112,115.398936,115.459608,115.481112,115.79676,116.128535
18731,254.844425,254.78654,254.79504,254.844425,254.879565,255.392885
21265,130.84365,130.66417,130.833235,130.84365,130.9799,131.15855
21260,110.448475,110.1426,110.25236,110.448475,110.53467,111.748515
21261,117.394665,117.11134,117.32545,117.394665,117.464865,117.975095
4118,106.034709,105.886485,105.926421,106.034709,106.334997,106.632214
21263,113.94977,112.95088,113.40226,113.94977,114.495745,114.64563
34494,111.152175,111.110545,111.137715,111.152175,111.193295,112.2499
27040,115.053765,114.6043,114.7994,115.053765,115.52038,115.980145
2147,115.183128,113.440535,113.630231,115.183128,117.437208,122.720281
2146,114.310679,113.644823,114.094103,114.310679,114.638615,115.57404
2413,125.448985,125.223961,125.235481,125.448985,125.508121,126.06953
2144,92.911891,92.471059,92.900371,92.911891,92.993299,94.078483
2143,111.870743,111.469847,111.724823,111.870743,112.025111,112.285463
2414,94.007827,92.719891,92.825106,94.007827,94.482451,96.725012
2141,92.842771,92.699923,92.726803,92.842771,93.024787,93.636115
2416,85.433874,85.336338,85.337874,85.433874,85.494546,86.272529
2419,114.303768,114.170135,114.294552,114.303768,114.303768,114.649367
13389,237.83571,237.735645,237.806435,237.83571,238.032725,238.61097
4970,27.998215,25.843206,26.760966,27.998215,29.933574,30.244614
2149,82.109968,82.057744,82.092305,82.109968,82.175248,82.715153
34490,112.89824,112.44092,112.683685,112.89824,113.374665,113.5273
15887,60.88792,60.83908,60.850075,60.88792,60.898075,61.317075
3276,105.30511,105.026326,105.031702,105.30511,106.262805,110.327062
3274,87.43989,87.296273,87.323922,87.43989,87.483666,87.989778
13934,81.89406,81.50089,81.68612,81.89406,82.059305,83.15381
14053,50.75166,50.61965,50.725125,50.75166,50.82059,51.085195
14051,91.44217,91.293045,91.398175,91.44217,91.75489,92.120075
3278,101.535764,100.844564,101.219348,101.535764,101.690132,102.416661
15736,113.126995,112.97956,113.023725,113.126995,113.21901,114.89478
4821,115.298327,115.206167,115.246871,115.298327,115.362839,116.362008
13229,176.64595,176.462975,176.53516,176.64595,176.78168,178.195765
13933,106.56112,105.715925,106.180105,106.56112,108.79773,116.6101
13222,75.48141,74.720515,75.08647,75.48141,76.885265,77.949375
13227,154.2212,153.934025,154.150835,154.2212,154.377555,154.517605
13226,274.06725,273.689035,273.88282,274.06725,274.87245,278.80008
14237,12.30589,8.991985,10.108785,12.30589,14.05028,17.087965
33374,88.996555,88.90191,88.969905,88.996555,89.00223,89.43755
33376,104.63231,104.22643,104.44697,104.63231,104.68896,105.1878
14943,266.120415,265.84745,265.91295,266.120415,266.30703,267.392635
14230,135.641005,135.556455,135.58683,135.641005,135.65128,136.207125
28932,93.57626,93.413215,93.47652,93.57626,93.664855,94.243625
14238,92.921705,92.854875,92.876575,92.921705,92.93277,93.04377
3319,114.796055,114.563351,114.744599,114.796055,115.303704,115.729943
27078,100.606625,100.567255,100.581225,100.606625,100.646235,101.11063
28623,94.49174,94.329325,94.37751,94.49174,94.5968,96.53283
3313,115.643928,115.309079,115.313687,115.643928,120.783384,121.870873
30572,86.92228,86.73174,86.91639,86.92228,87.10543,87.58533
20028,91.07298,90.95448,91.027975,91.07298,91.2563,92.10192
30570,92.594595,92.51113,92.531415,92.594595,92.663605,93.41397
30571,71.32411,67.51972,69.78472,71.32411,71.81167,75.46458
30576,60.6737,60.6188,60.62106,60.6737,60.70671,61.35211
30577,16.485215,16.36926,16.472675,16.485215,17.475935,17.989195
30575,122.491985,121.831865,122.19727,122.491985,123.097235,124.367965
20021,192.88879,192.83706,192.853335,192.88879,192.90279,193.829975
20020,106.288395,105.97518,106.17605,106.288395,106.74348,107.237135
34857,83.008425,82.92593,82.947575,83.008425,83.05179,83.464375
20025,84.490475,84.371935,84.45559,84.490475,85.03685,85.2118
34853,102.87256,102.237375,102.28907,102.87256,103.052395,103.92129
12402,43.04344,33.15949,42.67635,43.04344,48.046835,48.146065
18192,187.17919,187.11806,187.15468,187.17919,187.23114,187.604585
60,112.796951,112.683287,112.687127,112.796951,112.961303,113.595671
61,112.264726,112.054294,112.084246,112.264726,114.577175,122.308632
69,126.903578,126.889754,126.894362,126.903578,130.214426,131.682842
14604,11.91993,10.68699,11.11252,11.91993,12.26407,20.942645
31517,108.2773,107.915105,107.91751,108.2773,108.381585,110.850535
31040,99.96026,99.8051,99.88101,99.96026,100.32184,117.20186
31515,39.787885,38.873385,39.58123,39.787885,40.192855,41.797135
29938,26.479405,26.400135,26.44555,26.479405,26.631045,27.330685
29939,277.437075,277.362125,277.407885,277.437075,278.620305,279.151655
18587,106.737865,106.471845,106.645615,106.737865,106.94323,107.505455
29426,86.6128,86.583695,86.607045,86.6128,86.636875,87.180895
507,87.326994,87.257874,87.322386,87.326994,87.42069,87.729426
29424,111.23674,110.72229,111.075905,111.23674,111.62808,113.018965
505,117.676056,117.485592,117.534744,117.676056,117.97788,141.436444
29393,99.96934,99.50458,99.794305,99.96934,99.987225,100.877785
23648,134.057395,134.028935,134.044085,134.057395,134.145395,134.66861
631,91.835155,91.623954,91.775251,91.835155,92.116242,92.643859
632,99.312404,99.151124,99.165716,99.312404,99.393812,114.161687
1211,124.986649,124.902937,124.939033,124.986649,125.038105,126.364442
1217,138.670876,138.594076,138.65398,138.670876,138.88438,139.499548
4054,108.335638,107.968534,108.013846,108.335638,108.397078,108.694294
639,99.798548,99.558165,99.689491,99.798548,99.910676,101.087252
23643,115.4435,115.206685,115.35258,115.4435,115.50184,118.64341
23133,52.55663,50.62761,51.547275,52.55663,52.659495,54.006625
23646,102.95601,102.85711,102.954975,102.95601,102.96541,103.314595
15011,86.41311,85.927625,86.12621,86.41311,86.43588,86.728645
15542,75.44561,72.282605,72.93343,75.44561,77.936485,120.647685
15015,1.253995,1.208675,1.232955,1.253995,1.555975,1.56614
15018,107.211605,106.132345,106.27268,107.211605,107.44728,109.110355
15019,103.186205,102.88226,103.017435,103.186205,103.600835,107.027635
2434,100.077332,99.931412,100.025876,100.077332,100.179476,101.522709
27734,120.535915,120.514625,120.534025,120.535915,120.538875,120.834305
15549,114.95802,113.71364,114.42325,114.95802,116.613375,116.81732
16822,103.849045,103.12526,103.75462,103.849045,104.370365,105.289135
35109,33.190785,32.638575,32.88727,33.190785,33.861035,34.132305
29648,115.40539,113.504865,113.929275,115.40539,116.71107,117.996965
29649,109.82838,109.72036,109.72875,109.82838,110.273325,111.068595
31628,122.771745,110.87903,116.671955,122.771745,123.2925,134.20284
29642,117.940035,117.861725,117.882285,117.940035,117.97312,118.52339
29643,97.43278,97.25546,97.38583,97.43278,97.43291,98.016165
31627,122.67128,121.37398,122.600795,122.67128,123.22639,124.91146
31154,107.421115,107.41483,107.419225,107.421115,107.435645,107.86718
35104,107.423405,107.42036,107.42086,107.423405,107.464075,107.729485
31620,114.78297,113.6659,113.78362,114.78297,114.93465,115.815435
31623,118.16765,115.001605,116.54412,118.16765,128.77168,159.179595
29645,135.35038,132.742855,133.031965,135.35038,170.706515,174.59662
3869,125.536537,125.304601,125.402137,125.536537,125.548058,126.34217
32458,105.435265,105.374145,105.420675,105.435265,105.456065,105.721175
32453,101.017505,100.89567,100.92607,101.017505,101.638355,102.151525
32452,148.36869,144.478305,148.25114,148.36869,148.715005,149.04395
19831,92.85449,92.810765,92.84617,92.85449,92.901855,93.142835
32457,81.06873,81.0078,81.04677,81.06873,81.07717,81.674285
3866,152.342814,152.302878,152.327454,152.342814,152.345118,152.957215
34679,124.74287,124.668825,124.67155,124.74287,124.74413,125.55098
34671,291.021175,290.94337,290.94689,291.021175,291.036725,291.75889
32897,116.44583,116.42661,116.436795,116.44583,116.491725,117.01295
34673,114.421045,114.371375,114.410765,114.421045,114.457985,115.99178
34674,93.441125,93.38314,93.421365,93.441125,93.669045,93.75962
34676,96.015085,94.07317,94.924015,96.015085,96.413175,98.219355
32673,110.834515,110.810265,110.831135,110.834515,111.19801,111.77544
33302,111.200455,110.062075,110.587155,111.200455,111.30615,111.485655
3935,115.832088,115.650072,115.70844,115.832088,115.979544,116.606999
14281,100.922625,99.98529,100.80044,100.922625,101.397945,103.507285
32118,108.115415,106.485055,106.70862,108.115415,118.71126,123.69458
50022,207.957083,207.870125,207.893875,207.957083,208.326,208.503792
14287,113.98026,113.81928,113.83457,113.98026,114.015725,114.55714
32546,108.530385,107.11388,107.396475,108.530385,111.724715,114.22588
33655,10.929865,10.778415,10.82399,10.929865,11.24222,11.99324
31097,103.493185,103.08683,103.39845,103.493185,103.63915,103.88514
22519,90.526115,90.1282,90.45678,90.526115,90.702235,91.232695
18904,161.728475,161.7024,161.707095,161.728475,161.734725,163.086045
22511,27.81279,23.675235,24.70675,27.81279,27.853375,29.14983
22510,97.341485,97.33279,97.338255,97.341485,97.36078,97.526685
18907,96.64152,96.543315,96.59375,96.64152,96.657505,96.90256
12115,8.23308,8.036375,8.103325,8.23308,8.239025,8.635025
4153,269.61951,269.087286,269.430582,269.61951,270.482742,270.495798
4150,113.913623,113.563415,113.885207,113.913623,113.981207,114.595607
4151,109.847062,109.444631,109.754134,109.847062,110.584342,111.578903
4156,101.240852,101.013525,101.121812,101.240852,101.968916,104.829717
4157,87.125778,86.574354,87.104274,87.125778,88.91061,89.115666
4155,67.924238,67.903502,67.91195,67.924238,67.952654,68.171534
4158,115.782167,115.415064,115.549463,115.782167,115.799831,116.073239
4159,145.764126,145.609758,145.615134,145.764126,146.762525,147.099677
18996,85.90977,85.86799,85.89934,85.90977,86.06452,86.55944
26465,107.05214,106.648125,106.94686,107.05214,108.29891,110.63232
24649,26.64612,22.865195,24.824,26.64612,28.7331,30.342265
6349,146.440905,146.386847,146.435158,146.440905,146.461639,146.795071
28110,108.500455,107.233945,107.308175,108.500455,109.19097,109.707855
4513,107.104534,106.53007,107.000086,107.104534,109.195798,110.969111
24645,126.58143,118.328405,124.73611,126.58143,127.605125,128.458595
28118,9.923185,8.3906,9.59315,9.923185,40.363055,48.58145
22777,125.841975,125.782725,125.82569,125.841975,125.84738,126.41168
22776,81.344965,81.296375,81.335955,81.344965,81.367955,81.76342
25098,220.40137,220.3798,220.397875,220.40137,220.434405,220.9275
22772,146.630765,140.969625,141.04665,146.630765,197.593485,252.982205
11095,146.881005,146.825595,146.832705,146.881005,146.88431,147.5319
31095,112.658015,112.394725,112.458075,112.658015,112.91352,113.941525
22779,88.286735,87.423225,87.51366,88.286735,88.95028,89.55436
21242,113.899325,113.296225,113.846275,113.899325,114.3816,115.00528
31991,106.333435,106.23975,106.30007,106.333435,106.35,106.62501
31849,95.63267,95.46025,95.492775,95.63267,95.637965,96.039645
31848,99.280675,98.89182,99.277625,99.280675,99.423315,99.49024
31840,89.550015,89.52607,89.53822,89.550015,89.592175,90.0128
31843,83.90782,83.434445,83.44812,83.90782,84.20414,84.740415
34359,20.22828,20.136645,20.1739,20.22828,20.341905,20.758545
31845,138.810535,134.93332,137.888385,138.810535,143.860395,146.31624
31847,87.37546,87.214495,87.339315,87.37546,87.63457,88.46016
19641,105.266685,105.25721,105.26622,105.266685,105.580105,105.65432
19316,102.56014,102.20914,102.532125,102.56014,102.728005,102.86317
16163,48.30007,46.04125,48.170355,48.30007,54.812795,56.27555
32633,110.124885,110.08989,110.101795,110.124885,110.16108,110.736835
19644,25.99743,25.6633,25.80544,25.99743,26.264275,28.463305
32630,98.968855,98.543625,98.584205,98.968855,99.17143,100.75982
19649,189.77887,189.70854,189.767095,189.77887,189.88851,190.75704
16168,121.921785,121.649455,121.885165,121.921785,122.586875,122.87802
19319,242.07839,242.00817,242.061835,242.07839,242.18376,242.81212
32638,105.37763,105.220085,105.263415,105.37763,105.447215,105.945205
34355,30.406705,30.360195,30.400515,30.406705,30.447115,30.856675
17566,81.599275,81.407105,81.5169,81.599275,81.888475,81.9157
11098,127.573915,127.480785,127.54506,127.573915,128.8165,129.999695
17569,138.80022,137.702785,138.202215,138.80022,138.920025,139.47851
3487,167.72125,166.36573,166.463266,167.72125,168.656674,170.306338
4563,91.362067,90.443539,91.336722,91.362067,91.366675,92.02485
13410,122.422945,122.386055,122.39199,122.422945,122.54414,123.346275
13411,78.354405,78.32222,78.35069,78.354405,78.35632,78.71307
30303,42.70617,41.96312,41.974075,42.70617,42.752705,43.471515
13414,88.32746,88.3011,88.3144,88.32746,88.44666,89.775895
13415,97.74538,97.32976,97.386515,97.74538,97.80919,98.288295
13419,49.173235,48.767505,48.822525,49.173235,49.391985,49.72141
14255,34.81194,31.495225,34.071695,34.81194,37.17211,38.69508
11673,214.14374,213.943235,213.944765,214.14374,214.42477,214.47167
20715,91.122235,91.027715,91.115825,91.122235,91.140945,91.574505
24912,230.10726,230.01058,230.03107,230.10726,230.18295,230.690705
24915,88.93994,88.86802,88.87784,88.93994,89.1285,89.38964
24914,69.64946,68.77006,68.87296,69.64946,69.724195,70.448965
24917,92.41011,91.973145,92.155215,92.41011,92.604695,92.6994
24916,298.623095,298.392295,298.49139,298.623095,299.223325,299.81914
24919,120.46272,117.985525,119.92226,120.46272,123.223465,126.709445
24918,108.76983,108.40507,108.72986,108.76983,109.04949,109.16741
20612,89.67737,89.61142,89.631285,89.67737,89.708365,90.05727
27936,132.00574,131.87153,131.95614,132.00574,132.655805,137.57956
20617,85.6653,85.654095,85.659195,85.6653,85.699965,86.36995
20614,49.44951,48.89654,49.371305,49.44951,49.597905,50.09592
27935,118.554255,118.437025,118.44096,118.554255,118.71498,119.03393
17780,96.5692,96.49996,96.50081,96.5692,96.658425,97.01949
17781,130.58948,130.43668,130.448635,130.58948,130.605635,131.20823
25206,60.061305,58.760775,59.4069,60.061305,60.13105,61.175325
25207,119.831765,119.398945,119.737835,119.831765,119.96503,121.00141
25203,144.67726,144.64885,144.66918,144.67726,144.681145,144.95079
28782,93.63354,93.492285,93.51017,93.63354,93.6815,94.01695
25208,197.44449,197.363315,197.40537,197.44449,197.514305,198.21938
25209,254.601005,248.02442,251.38737,254.601005,258.16256,263.542415
16784,95.249715,95.178875,95.180055,95.249715,95.527915,97.43026
33871,108.56843,108.10207,108.128845,108.56843,108.727205,109.82734
16782,111.43909,110.658905,110.94255,111.43909,111.89509,112.433525
28784,100.03848,99.605225,100.014865,100.03848,100.09632,100.52445
16789,90.914705,90.81506,90.877225,90.914705,90.92642,91.6224
6064,124.616909,124.550006,124.56186,124.616909,125.045616,125.189764
6065,67.393408,67.335188,67.363295,67.393408,67.432971,67.910335
6066,14.224586,14.20293,14.203151,14.224586,14.243277,14.726908
6067,31.85087,31.803089,31.822859,31.85087,32.082473,32.378973
6060,86.734082,86.713377,86.727272,86.734082,86.744031,86.944903
6061,35.999642,35.760695,35.822526,35.999642,36.153597,36.453005
12093,44.86525,44.78075,44.850225,44.86525,44.91559,45.2468
6063,117.019242,116.97541,116.990356,117.019242,117.019435,117.404262
33875,109.429205,109.29456,109.382585,109.429205,109.649025,109.76503
12099,125.65902,123.892585,125.42957,125.65902,125.72159,126.18336
6069,92.256014,92.193295,92.228602,92.256014,92.258654,92.728122
2604,96.7757,96.761876,96.769556,96.7757,96.81026,97.267988
2605,81.765136,81.753616,81.764368,81.765136,81.779728,82.108433
24462,117.22164,117.131355,117.21823,117.22164,117.540885,118.649735
2608,240.553008,240.422448,240.487728,240.553008,241.694257,241.940784
20922,199.91067,199.4578,199.783005,199.91067,200.087205,200.58339
20923,163.474855,163.420525,163.470655,163.474855,163.82061,165.585925
10782,103.710055,103.15721,103.54858,103.710055,104.004075,104.110335
10038,83.129075,82.865955,82.904045,83.129075,83.33301,83.41928
10785,82.459085,82.228505,82.430525,82.459085,82.67886,82.879785
10034,106.765815,105.745585,106.247355,106.765815,106.914885,107.72879
21246,105.95061,105.789305,105.810845,105.95061,105.95766,106.124255
32736,140.181395,139.97162,140.12904,140.181395,143.21253,160.33976
30786,109.90054,108.93938,109.812675,109.90054,110.22384,111.14584
21699,150.08771,150.073685,150.0774,150.08771,150.105415,150.691525
33418,36.454485,36.38175,36.428,36.454485,36.51668,36.89207
12326,260.072175,259.779585,259.862795,260.072175,260.15816,260.201155
12325,113.19214,112.91406,113.130535,113.19214,113.34281,113.55873
33410,106.50178,106.47921,106.482185,106.50178,106.502775,107.06056
33411,113.71763,108.019145,111.050435,113.71763,114.34319,118.49455
33144,254.587735,254.437825,254.4838,254.587735,255.006015,257.15295
12328,87.80603,87.44267,87.600305,87.80603,87.81352,88.01926
33414,224.81891,224.639195,224.736205,224.81891,225.399055,229.8724
33143,76.419475,74.2898,76.18501,76.419475,77.366105,78.90294
33417,216.89382,214.940855,215.29109,216.89382,217.51085,220.09274
30499,92.45983,92.275785,92.289975,92.45983,92.56297,93.258535
30498,85.787415,85.779305,85.783685,85.787415,85.832835,86.187175
30149,93.08007,92.923065,92.93761,93.08007,93.25019,94.230095
30491,85.44444,85.33181,85.372865,85.44444,85.531325,86.27265
30490,103.30857,101.72137,102.3014,103.30857,106.00472,106.56238
30493,141.7663,141.248505,141.719725,141.7663,141.9679,144.022035
30492,84.07036,83.98874,84.02477,84.07036,84.10055,84.505445
30495,95.37141,93.0803,94.47065,95.37141,96.144495,96.328345
30494,110.884475,110.852235,110.86822,110.884475,110.88582,111.33094
30497,100.11086,99.92268,100.050715,100.11086,100.24907,101.381685
30496,111.91833,108.1498,108.224705,111.91833,112.671535,119.49341
10258,159.77566,159.591515,159.76851,159.77566,160.024705,160.113925
29098,207.791135,207.557495,207.72566,207.791135,208.47187,209.43156
29095,161.52537,161.18919,161.44094,161.52537,162.73139,163.261275
29092,146.762455,146.63425,146.73946,146.762455,146.937725,147.537405
10256,93.414685,93.38619,93.41178,93.414685,93.42096,95.03728
18691,186.00947,185.892155,185.979125,186.00947,186.029145,186.592755
21521,104.33539,104.07877,104.247195,104.33539,104.48552,104.861315
21520,29.307845,26.926495,27.081925,29.307845,29.759195,34.207005
21526,75.596905,75.509915,75.557805,75.596905,75.59961,76.205455
24005,117.03064,116.86228,116.901535,117.03064,117.128915,117.51649
21524,82.52699,82.431525,82.432095,82.52699,82.6501,82.8544
20667,104.37129,104.166035,104.313905,104.37129,104.48381,104.99028
21529,90.363045,90.285915,90.34627,90.363045,90.526935,90.9221
19201,187.60686,187.412625,187.42021,187.60686,187.704795,188.059405
32092,159.17458,158.379915,158.681075,159.17458,159.228395,160.241565
32091,163.346155,162.76578,163.246555,163.346155,163.71202,165.02818
753,77.686288,77.531152,77.66248,77.686288,77.755408,78.733072
752,75.982095,75.947535,75.965967,75.982095,76.020495,76.626448
751,113.330711,113.232407,113.319959,113.330711,113.346839,114.167063
750,90.228498,90.133266,90.218514,90.228498,90.230802,90.766098
755,122.237208,122.01756,122.097432,122.237208,122.663449,122.76636
754,98.168084,98.03138,98.09282,98.168084,98.214932,98.842388
758,94.187539,93.907219,94.066195,94.187539,94.211347,94.762772
20615,26.21324,26.008545,26.191445,26.21324,26.41635,26.964945
29899,185.43042,185.35205,185.36941,185.43042,185.55566,185.771395
32096,94.354905,94.30682,94.329935,94.354905,94.411665,95.14109
24345,83.8505,83.782255,83.78686,83.8505,83.938425,84.16871
24340,33.38925,31.52119,32.94819,33.38925,33.705035,34.149005
2955,123.858457,123.516697,123.798553,123.858457,124.801561,124.864537
2956,112.128791,111.979799,112.060439,112.128791,112.194071,112.716311
19206,118.26069,117.67377,117.874775,118.26069,118.267835,119.01124
32732,102.840735,102.779535,102.788625,102.840735,102.846715,103.368075
2951,105.885717,105.225237,105.775893,105.885717,113.332247,115.354391
2952,100.217876,100.031252,100.10498,100.217876,100.369172,103.131668
32733,106.98411,106.835905,106.96001,106.98411,107.1256,107.76781
16204,104.87603,104.400055,104.62106,104.87603,104.8846,105.04098
4365,122.790169,121.132056,122.590489,122.790169,126.153242,127.700762
6084,99.419683,99.363865,99.404829,99.419683,99.434368,99.728374
4362,94.940947,94.901011,94.936339,94.940947,95.035411,95.542292
4368,76.787728,76.309263,76.636431,76.787728,76.8676,98.021396
18036,109.483955,109.38358,109.41899,109.483955,109.51453,109.871615
1196,83.604497,83.178257,83.367953,83.604497,84.000785,84.006929
18033,190.75015,185.941515,187.89385,190.75015,192.589375,196.918675
29742,90.21183,90.142265,90.18243,90.21183,90.28587,90.789375
28278,126.12753,124.345045,124.97864,126.12753,129.020505,132.062175
14558,270.83702,270.678215,270.68082,270.83702,270.96805,271.40263
11079,136.752365,136.716255,136.737455,136.752365,136.858715,137.258315
28270,113.9959,113.71468,113.951985,113.9959,114.023715,114.410385
28273,111.50425,111.446515,111.484155,111.50425,111.729245,111.770535
11077,123.579375,123.53209,123.566885,123.579375,124.01758,124.16346
14554,124.4223,124.002325,124.278565,124.4223,125.142925,126.09252
3103,36.250375,34.928648,34.997768,36.250375,36.910856,38.375432
34442,115.04079,114.55861,114.846525,115.04079,115.11708,116.00342
30726,108.195065,108.04369,108.08523,108.195065,108.3339,109.019045
30725,115.076205,114.501745,114.89115,115.076205,115.795205,123.070125
34441,142.778325,142.01688,142.572475,142.778325,143.26925,144.518435
15973,78.459815,78.42227,78.44246,78.459815,78.511395,78.74619
15972,32.91608,32.79132,32.88082,32.91608,33.06034,33.14646
30721,91.351295,91.228435,91.26657,91.351295,91.623485,91.957665
31621,87.498475,87.46539,87.482575,87.498475,87.500195,87.95477
34448,89.99217,89.897965,89.945265,89.99217,90.06752,90.251545
34449,111.656565,106.899475,109.60515,111.656565,115.80876,116.29394
30729,111.383625,111.15114,111.374055,111.383625,111.76667,117.190715
30728,103.154195,102.9794,103.136435,103.154195,103.42898,103.50838
13782,250.1849,250.133425,250.17174,250.1849,250.187595,250.88493
4092,232.373038,232.260911,232.288559,232.373038,232.56811,232.94827
31454,30.612595,30.500365,30.50818,30.612595,31.10752,31.38175
31455,34.622725,34.08241,34.160625,34.622725,35.095665,36.57072
13786,224.783155,224.11875,224.246435,224.783155,225.00109,226.39852
31453,145.67065,145.348745,145.534625,145.67065,145.69531,146.355395
31450,87.569825,84.27354,86.578895,87.569825,97.99551,100.60249
13754,252.137395,252.11456,252.12747,252.137395,252.15734,252.55864
13788,250.431735,250.14682,250.2216,250.431735,250.478675,250.63726
23581,100.78903,100.748535,100.749605,100.78903,100.82723,102.250445
23580,288.62321,286.02505,286.35871,288.62321,288.81612,289.027885
11315,149.63567,148.61915,149.63313,149.63567,150.029845,150.656845
11311,209.585295,209.5008,209.52944,209.585295,209.9396,210.702355
19128,80.668295,80.643675,80.652,80.668295,80.6842,81.18446
32849,76.408955,73.79315,73.858005,76.408955,76.831995,76.989355
35357,98.405365,97.834475,98.395505,98.405365,98.710605,98.82981
19121,105.72178,105.67448,105.687005,105.72178,105.723985,106.23283
19122,89.17539,86.132035,87.941155,89.17539,93.91292,99.701835
19125,48.15998,47.353345,47.968905,48.15998,48.57925,49.182345
19127,209.91997,209.614155,209.799575,209.91997,210.11684,210.3862
25833,85.211865,85.10229,85.155385,85.211865,85.294895,85.53054
25838,154.518455,154.03884,154.27949,154.518455,154.569575,155.313615
4048,110.426902,110.420758,110.425366,110.426902,110.436886,111.071254
4049,115.630872,115.597079,115.616279,115.630872,115.640856,116.373527
23360,99.456945,98.110885,98.92673,99.456945,100.094575,104.585345
23367,83.27136,83.201025,83.25224,83.27136,83.286985,83.718805
23365,81.529805,81.484275,81.502235,81.529805,81.552665,82.00549
27638,93.03623,92.82602,92.84049,93.03623,93.466975,93.654325
28856,86.02602,86.001655,86.007975,86.02602,86.113385,86.40243
15205,94.56994,94.472485,94.493265,94.56994,94.609985,95.454155
12527,96.73034,96.667005,96.71613,96.73034,96.73543,97.19276
12522,39.87179,39.471545,39.805195,39.87179,40.5298,40.564665
15209,126.32119,126.20485,126.25155,126.32119,126.33994,126.69641
22189,106.265115,106.197985,106.203305,106.265115,106.324115,106.786165
22182,95.33847,93.35299,94.51893,95.33847,96.583155,98.543475
22186,86.07911,85.65938,85.97707,86.07911,86.300245,87.351265
22202,107.090775,106.94759,106.95544,107.090775,107.14135,107.49343
19789,109.709665,109.68958,109.69119,109.709665,109.726415,110.14178
16578,205.22059,204.93557,205.14293,205.22059,205.85496,206.238475
16576,164.997865,164.948535,164.985095,164.997865,165.027185,165.505415
19785,77.22018,77.212355,77.21787,77.22018,77.282285,77.630225
19786,113.48336,111.875165,113.053605,113.48336,114.722945,115.215825
11141,101.84325,101.82137,101.8269,101.84325,101.915425,102.55191
12660,118.24672,118.05653,118.16565,118.24672,118.34674,118.44966
10806,94.123165,93.108475,93.66552,94.123165,95.482735,101.135735
10807,224.248775,224.231755,224.237865,224.248775,224.30003,224.670755
18915,82.98437,82.63335,82.680595,82.98437,83.8369,84.70991
19878,138.94576,138.927625,138.929475,138.94576,139.001525,139.57002
21068,205.831565,205.665165,205.702145,205.831565,205.83328,206.27653
21069,228.716925,228.704515,228.704975,228.716925,229.160165,231.10013
32152,219.830345,219.093605,219.486965,219.830345,219.961375,220.68458
32150,174.857225,105.22372,135.61217,174.857225,374.44177,376.692855
19871,120.245315,119.98858,120.23577,120.245315,120.8372,120.964645
21062,125.93578,124.78675,125.76066,125.93578,125.940175,126.674315
19877,93.21492,93.18567,93.18672,93.21492,93.23805,93.736935
16314,89.478725,89.295185,89.44313,89.478725,89.602695,90.156285
14076,209.030125,208.88007,209.01428,209.030125,209.117455,209.435165
29162,85.85161,85.70456,85.759095,85.85161,85.856335,86.173225
2380,81.751312,81.705232,81.722128,81.751312,81.7828,82.385681
2383,112.455191,111.73711,111.768599,112.455191,116.264472,116.80668
2387,106.442518,104.878869,105.66223,106.442518,106.647574,108.979222
26255,118.689515,116.799695,117.12984,118.689515,119.683005,119.81997
26250,89.426815,89.127165,89.209725,89.426815,89.48511,90.169275
3001,129.087002,128.778266,128.98793,129.087002,129.27593,129.778202
3669,85.943057,85.704977,85.815569,85.943057,86.160401,88.138002
21209,85.194765,84.640385,85.13325,85.194765,85.323955,85.58816
21204,139.548065,138.99938,139.035775,139.548065,140.06975,140.08237
29168,147.275005,146.76885,146.82998,147.275005,148.03353,152.527855
4958,4.727809,4.707073,4.727041,4.727809,4.792321,5.118722
4959,36.086024,36.069128,36.082184,36.086024,36.390152,38.148104
2168,111.312406,110.350102,111.267862,111.312406,111.850007,118.010136
4952,103.829781,103.733781,103.758357,103.829781,103.846677,104.544021
2164,129.919514,129.838106,129.90569,129.919514,130.186778,130.675994
20542,108.170385,108.062165,108.117325,108.170385,108.174895,110.263595
4956,126.132505,126.043417,126.054937,126.132505,126.136345,126.579482
2160,149.452062,149.44899,149.449758,149.452062,149.870622,150.12099
2163,90.28917,90.17781,90.233874,90.28917,91.034899,108.812565
2162,105.379605,104.910357,105.093909,105.379605,105.763605,120.106008
33972,87.70355,87.47223,87.501825,87.70355,87.75241,93.613365
14035,85.383415,85.36428,85.376385,85.383415,86.355475,98.92131
14037,85.821125,84.746965,85.306335,85.821125,86.41431,86.62901
14039,81.770425,81.651355,81.759345,81.770425,81.77261,82.365215
14038,112.390645,112.16154,112.327595,112.390645,113.41059,115.915935
28919,129.448235,129.085995,129.121205,129.448235,129.461095,129.740695
17047,80.178335,80.07669,80.107945,80.178335,80.225675,80.48697
17046,81.31192,81.24421,81.300175,81.31192,81.338235,82.706845
3295,120.346392,120.080664,120.253464,120.346392,120.377113,120.966168
3297,90.130194,89.799954,89.842194,90.130194,90.168594,90.591762
17049,114.554315,114.25414,114.363855,114.554315,115.13552,199.142215
3291,109.385494,109.078294,109.17967,109.385494,109.489942,110.925334
3293,89.126418,89.035794,89.122578,89.126418,89.18709,89.892114
13207,205.915625,205.807775,205.84022,205.915625,206.44838,206.941395
18422,132.87495,132.845145,132.871405,132.87495,132.90562,133.12067
13205,78.08965,77.773025,77.969175,78.08965,78.832755,79.040305
13201,99.904385,99.352885,99.77672,99.904385,100.468945,101.82388
13200,95.63394,95.526375,95.59196,95.63394,95.66037,95.96761
13209,93.660585,92.74852,93.607585,93.660585,93.69455,94.237645
33424,231.469625,231.15005,231.18274,231.469625,232.04666,232.76956
14960,243.99043,243.9742,243.983045,243.99043,244.057925,244.696985
33609,29.67963,29.264545,29.534645,29.67963,30.40215,32.006365
33356,87.373435,87.32159,87.35899,87.373435,87.376495,87.87118
14788,82.82117,82.667495,82.77354,82.82117,82.96587,83.980205
33358,103.14451,103.12676,103.130185,103.14451,103.150025,103.677705
14783,40.716375,35.08963,40.36805,40.716375,42.35231,46.05242
18203,32.959125,32.759105,32.796525,32.959125,33.156505,33.428535
20004,97.442805,97.359315,97.407605,97.442805,97.515655,97.873095
20003,85.256145,85.17947,85.244385,85.256145,85.375815,85.940715
20553,99.82171,99.447215,99.62098,99.82171,101.628575,101.915895
11918,67.955605,67.835515,67.872215,67.955605,67.969875,68.19486
20009,95.11471,94.86751,95.06794,95.11471,95.306085,95.312195
20008,111.80375,111.59616,111.70581,111.80375,112.307745,112.62981
34879,106.24313,106.169415,106.235105,106.24313,106.40608,106.83624
34878,99.82894,99.58144,99.73405,99.82894,99.829235,100.60843
30550,180.612605,180.55732,180.605815,180.612605,180.613835,180.76005
34871,92.421685,92.190345,92.33965,92.421685,92.565825,93.67012
34870,207.39866,207.360715,207.36418,207.39866,207.406545,207.74993
30554,119.957655,116.79716,118.803705,119.957655,121.477125,122.22815
30556,93.44287,93.339875,93.387375,93.44287,93.47161,93.844685
34874,49.901705,49.71208,49.77859,49.901705,49.940385,50.58474
34575,97.08033,96.955705,97.045755,97.08033,97.550875,98.08752
31622,115.748085,115.524365,115.668125,115.748085,115.90287,116.19934
34573,166.255635,165.58534,165.862085,166.255635,166.32853,166.828075
34934,108.30293,108.235935,108.296385,108.30293,108.338885,109.110115
12541,52.923465,52.84782,52.89292,52.923465,52.9343,54.004395
12066,124.800895,124.77324,124.792315,124.800895,124.831065,125.195665
15780,171.260005,170.966985,171.014065,171.260005,171.785015,172.891185
35081,47.714405,47.231625,47.322875,47.714405,48.33245,75.89344
15789,109.696495,109.58031,109.63687,109.696495,109.71967,110.61585
29405,96.17456,95.963,96.0829,96.17456,96.38213,113.18096
29406,97.80227,97.788165,97.798915,97.80227,98.0596,98.785425
10904,125.947515,125.89768,125.92053,125.947515,125.94811,126.538155
29870,83.429585,83.406925,83.428335,83.429585,83.519015,83.92721
15615,97.305335,97.215055,97.237875,97.305335,97.342025,97.690065
32632,93.005125,92.358515,92.81795,93.005125,93.029435,93.434975
3009,107.838742,107.50927,107.673622,107.838742,107.867926,108.697366
34579,126.09241,126.0477,126.06298,126.09241,126.12935,126.672005
619,110.181142,109.412374,110.068246,110.181142,110.879254,159.782432
610,107.757334,107.700502,107.70127,107.757334,108.155926,122.203417
614,109.269526,109.099798,109.223446,109.269526,109.74415,110.002198
615,93.581587,93.474066,93.494802,93.581587,93.600787,94.080787
30808,160.621885,160.350655,160.49744,160.621885,161.216965,161.57641
30807,87.40843,87.24551,87.399755,87.40843,87.471775,92.3687
15560,138.30964,138.257955,138.26373,138.30964,138.41318,138.76605
15561,109.656645,109.57548,109.619515,109.656645,109.66625,110.09076
30800,108.06733,107.170725,107.382175,108.06733,108.69725,109.906905
29660,91.30465,91.249805,91.257035,91.30465,91.31765,92.06856
3333,109.820182,108.905494,109.390103,109.820182,110.990614,111.110422
26894,104.261165,103.26618,104.038355,104.261165,104.7069,104.748815
26895,99.760265,99.517655,99.695465,99.760265,99.814865,106.553095
29665,94.1824,93.96039,94.13042,94.1824,94.23078,94.8744
29666,88.912935,88.44066,88.653765,88.912935,89.004025,90.009705
3332,162.108704,161.928992,161.955872,162.108704,162.612513,163.644705
31609,112.22324,112.101885,112.16727,112.22324,112.760995,112.857625
1494,107.60911,107.299606,107.535382,107.60911,107.725846,108.711957
31607,91.72663,91.584975,91.715,91.72663,91.76483,92.27062
31605,110.23558,109.61637,109.96135,110.23558,110.278465,111.088285
31604,101.88888,101.5036,101.568095,101.88888,103.09176,103.750885
34125,105.491395,105.287915,105.415325,105.491395,105.503825,105.70991
34124,111.28995,110.952275,111.14069,111.28995,112.66957,118.56874
34655,38.777225,38.255565,38.26978,38.777225,38.97247,46.334545
34126,58.32399,58.110965,58.250535,58.32399,58.407885,58.82627
1496,89.766162,89.631762,89.646354,89.766162,89.85909,90.192402
34651,114.350215,113.52809,113.737665,114.350215,115.282,117.220685
34650,41.211585,40.93795,41.20713,41.211585,41.330415,41.342585
3334,101.999636,101.837588,101.895956,101.999636,102.208532,103.355925
34659,205.04862,204.829335,205.0097,205.04862,205.26799,206.06047
34658,57.89976,57.650105,57.881075,57.89976,58.101745,58.70437
28373,99.445485,99.177735,99.346755,99.445485,105.52224,106.990125
50001,101.817292,100.872208,101.206583,101.817292,101.943792,102.885
3338,107.830294,107.74735,107.811862,107.830294,107.853334,107.949334
50004,82.010459,81.556291,81.563834,82.010459,82.03875,82.306333
35387,113.359095,113.278775,113.333085,113.359095,113.396515,114.043625
50006,78.863458,78.801833,78.820667,78.863458,78.920375,79.3545
50007,81.618709,81.456167,81.552458,81.618709,81.730833,82.360916
14214,80.07894,80.019195,80.026455,80.07894,80.133275,80.536985
23113,60.969855,60.965705,60.96881,60.969855,60.99845,61.32528
28530,206.473445,206.399505,206.44713,206.473445,206.592115,207.05175
23118,149.971225,149.6795,149.81837,149.971225,150.32476,150.89376
22573,106.9538,106.36045,106.651785,106.9538,107.31848,949.16894
26400,101.59202,100.6396,100.87394,101.59202,102.190005,105.861115
30517,82.06221,81.798045,81.932975,82.06221,82.16911,82.259025
26405,161.655115,161.36027,161.458235,161.655115,161.67677,162.030565
4139,123.187992,122.975256,123.019032,123.187992,123.486744,123.968281
24660,76.42867,76.32282,76.41846,76.42867,76.592765,76.996445
4133,119.745816,119.523865,119.733528,119.745816,119.753496,120.085272
4135,113.139478,112.899862,113.087254,113.139478,113.33071,113.336855
4136,91.641618,91.62933,91.633938,91.641618,91.647762,92.220691
4137,84.344081,83.967761,84.257297,84.344081,84.552209,358.360392
3841,125.259289,125.230873,125.243929,125.259289,125.325337,126.086426
32430,85.418345,85.317935,85.35843,85.418345,85.49489,85.715925
28131,86.663515,84.20375,86.10178,86.663515,87.097335,87.1252
16430,241.41867,240.891605,240.95584,241.41867,241.43943,243.81105
3845,127.154714,127.050266,127.143194,127.154714,127.235354,127.830554
32434,187.026915,186.815775,186.85295,187.026915,187.06099,187.645385
28134,94.992365,94.942295,94.959215,94.992365,95.1851,95.96863
32439,104.850625,104.360185,104.747125,104.850625,104.89598,105.439065
3848,124.112665,124.033561,124.064281,124.112665,124.125721,124.664857
22798,210.549695,210.43843,210.518305,210.549695,210.75844,211.2915
22797,4.689735,4.4339,4.56184,4.689735,4.86298,5.030825
31867,103.026155,102.811395,102.84351,103.026155,103.357015,103.71414
35527,110.802465,110.609585,110.797245,110.802465,110.88019,111.07067
31863,127.214985,126.50737,127.139465,127.214985,127.96857,147.22582
31861,105.059335,103.391545,103.479295,105.059335,110.204305,111.49649
35529,95.106165,95.084975,95.091835,95.106165,95.117,95.6236
16666,123.41242,123.374515,123.409565,123.41242,123.74029,123.765185
16048,125.453505,125.433265,125.44911,125.453505,125.504825,125.92431
32389,60.73641,60.27715,60.35157,60.73641,61.679585,62.63771
19668,108.461785,108.003045,108.043805,108.461785,109.01491,109.264865
16147,89.50486,89.343705,89.3782,89.50486,89.607175,90.369545
16146,84.71315,84.422415,84.63386,84.71315,85.128135,93.157535
19665,95.878585,95.803875,95.82587,95.878585,96.332365,96.439145
16144,91.64974,91.11788,91.18063,91.64974,92.422395,93.182805
32383,10.61987,10.375675,10.53436,10.61987,11.53144,11.97444
16044,20.301175,20.27625,20.297125,20.301175,20.3522,20.926255
32381,210.821365,207.56069,209.50414,210.821365,218.08174,221.49593
19660,163.27578,162.625135,163.150345,163.27578,163.2813,163.43796
33977,93.880205,93.416675,93.55614,93.880205,93.91442,93.98212
32205,91.354795,90.61904,91.20104,91.354795,91.38055,91.85854
17540,95.887975,95.821385,95.88613,95.887975,95.98535,96.379305
17541,112.773975,112.21313,112.390545,112.773975,112.786455,113.427495
17542,107.52685,107.340935,107.433785,107.52685,107.58105,108.0076
17232,110.581155,109.90101,110.44136,110.581155,110.61673,111.306555
17230,97.57831,97.42712,97.57526,97.57831,97.671375,100.48131
32203,90.373705,89.98897,90.219185,90.373705,90.655385,91.898695
4549,17.576452,17.424388,17.467396,17.576452,17.672452,21.391876
13439,88.3637,88.127395,88.344375,88.3637,88.4584,88.56588
13430,104.02609,103.62339,103.96061,104.02609,104.190335,104.47729
4540,77.77,77.568784,77.586448,77.77,78.162449,100.165652
13432,87.5091,87.44173,87.501935,87.5091,87.62082,87.62672
32201,118.37201,118.30031,118.359285,118.37201,118.85128,119.502155
13434,89.64933,89.34178,89.64475,89.64933,89.680615,90.36215
13435,86.65698,86.56094,86.59154,86.65698,86.840235,87.49823
4547,123.397657,123.369241,123.393817,123.397657,123.860761,124.298521
11697,8.659475,8.390125,8.541905,8.659475,8.756545,8.868125
11690,80.715855,80.676705,80.715475,80.715855,81.003045,81.15247
27312,104.946615,104.80558,104.907485,104.946615,105.21635,105.51692
13891,112.33438,110.49838,111.5022,112.33438,121.80662,124.1086
27310,56.862925,55.15497,55.58433,56.862925,58.58361,64.542285
24938,105.93953,105.761015,105.79931,105.93953,106.404755,106.54496
24936,92.46917,92.417905,92.461845,92.46917,92.523085,92.976605
24932,111.110015,109.7544,109.89346,111.110015,111.740945,113.481355
27318,130.236015,130.102765,130.1651,130.236015,130.24755,130.84311
27918,96.874315,96.61077,96.824065,96.874315,96.953035,97.51883
20639,28.520535,26.990675,28.25754,28.520535,28.56668,29.39957
2596,114.286871,114.240791,114.257687,114.286871,114.304535,114.939671
2597,105.879573,105.595413,105.727509,105.879573,105.934869,105.984789
2590,136.3615,135.85846,136.079643,136.3615,136.494363,145.974558
2591,61.778701,61.661964,61.691148,61.778701,61.896973,62.168845
2592,80.5732,80.123152,80.55784,80.5732,81.949456,83.162897
20630,184.448705,182.870855,183.932595,184.448705,184.97666,186.364385
27911,210.596395,209.723325,210.58948,210.596395,210.658065,211.24155
27912,294.97198,241.99255,294.382485,294.97198,382.480805,394.660525
2598,101.925908,101.745428,101.862164,101.925908,102.647829,125.677849
20636,77.907535,77.29573,77.483615,77.907535,82.88926,86.06381
18173,106.94969,106.84105,106.91265,106.94969,107.032175,108.68489
25228,210.322,210.11,210.161,210.322,210.405,210.517
22699,147.61093,147.338905,147.497035,147.61093,148.255815,187.790225
25224,50.16075,49.67085,49.834035,50.16075,50.92604,51.87318
25226,122.72654,122.67427,122.691005,122.72654,122.963465,124.302665
25220,125.54392,125.36085,125.44986,125.54392,125.67575,128.47406
33413,222.169965,221.94755,222.12681,222.169965,222.43726,223.02468
6042,101.637408,101.584111,101.608265,101.637408,101.641358,101.940141
34433,113.22798,111.28613,111.513075,113.22798,113.38402,114.973945
6040,84.204367,84.029474,84.130472,84.204367,84.364149,85.707047
6041,113.700496,113.391155,113.394838,113.700496,113.730587,115.268332
16154,89.080995,88.775245,88.95001,89.080995,89.24381,89.294875
6044,208.89416,208.875275,208.886144,208.89416,208.956675,212.676325
30775,94.008585,93.53892,93.92293,94.008585,94.262315,96.54946
6049,106.448998,106.362694,106.376802,106.448998,106.539356,106.960926
15926,87.441505,86.371765,86.38292,87.441505,87.86067,89.63352
2622,115.616279,115.475735,115.510295,115.616279,115.621655,116.04252
2623,97.207316,96.588307,97.196564,97.207316,97.281044,97.529107
2626,114.389783,114.233879,114.365975,114.389783,114.455831,115.160087
2627,70.261262,70.202126,70.207502,70.261262,70.275086,70.662926
2624,108.541462,107.46319,108.114454,108.541462,109.150485,123.330073
30771,84.728415,84.700745,84.71178,84.728415,84.767015,85.149055
10019,107.900395,107.716395,107.838085,107.900395,108.639915,108.81125
34435,123.92935,123.02765,123.299905,123.92935,124.27553,127.20206
10012,111.38901,111.19097,111.23342,111.38901,111.49162,111.59069
32652,141.891365,141.542165,141.768525,141.891365,142.703985,143.957415
10016,100.881845,100.266435,100.68693,100.881845,101.78949,102.136135
10015,84.74837,84.726185,84.742695,84.74837,84.76331,85.611455
33165,220.94201,220.800105,220.84506,220.94201,220.98732,221.34547
189,115.941911,115.916567,115.924247,115.941911,115.971095,116.86428
33162,144.748365,144.108825,144.64342,144.748365,145.46228,146.18469
33163,151.933805,151.787905,151.88098,151.933805,151.942125,153.90342
34408,109.3523,108.55638,109.238185,109.3523,109.43833,110.46185
33169,95.258415,94.89851,94.914655,95.258415,96.13405,96.6798
12349,84.893055,84.582975,84.710275,84.893055,85.14995,86.327025
17944,82.573245,82.505895,82.57029,82.573245,82.625995,82.956275
12341,102.612185,101.198845,101.97979,102.612185,102.754115,103.14314
12343,101.865195,100.08634,100.677245,101.865195,103.03209,106.53196
10273,84.7138,84.63839,84.64886,84.7138,84.752575,85.43722
16157,55.012805,54.640795,54.800755,55.012805,55.06445,55.511335
24069,99.885195,98.741315,99.489355,99.885195,100.233165,100.86309
33293,109.12806,108.925155,108.94244,109.12806,109.84479,110.92378
33290,250.63601,248.657885,250.29834,250.63601,251.693705,257.530005
33297,20.69802,20.61633,20.65777,20.69802,20.77586,20.91853
21545,93.804945,93.72915,93.7371,93.804945,93.8364,94.502485
24064,113.95216,112.877805,113.24311,113.95216,114.38702,115.15555
24066,83.46748,83.19978,83.34725,83.46748,83.65667,84.768965
20677,92.47435,91.641295,92.193515,92.47435,92.62927,99.14945
20495,161.045065,160.947145,160.99925,161.045065,161.052845,161.745625
22898,87.326285,87.17071,87.322165,87.326285,87.79586,88.086195
22899,94.564035,94.416215,94.492085,94.564035,94.599145,94.781775
20492,91.18445,91.170635,91.183445,91.18445,91.25751,91.649995
20493,37.450675,37.08414,37.191515,37.450675,37.65838,38.68355
22892,84.48359,84.403465,84.445245,84.48359,84.518905,84.765895
22893,93.401065,93.3758,93.379465,93.401065,93.4259,93.778955
22890,84.718955,84.65003,84.7055,84.718955,84.750665,86.1436
20498,114.907655,109.71327,109.72275,114.907655,124.781515,128.464995
22897,129.770385,129.491495,129.50393,129.770385,129.98975,130.095775
22894,112.575875,112.50321,112.53088,112.575875,113.019765,113.31501
26791,87.102315,87.08925,87.101245,87.102315,87.10984,87.452745
26793,108.36724,108.299385,108.309015,108.36724,108.3808,108.82198
776,121.857048,121.4646,121.597464,121.857048,121.976856,122.144281
26797,102.402795,102.27434,102.33929,102.402795,102.749255,103.38094
772,95.499283,95.398675,95.440915,95.499283,95.539219,96.281108
26799,100.349295,100.060835,100.307375,100.349295,100.78038,100.85356
778,124.856089,124.800793,124.837657,124.856089,124.856857,125.326105
16651,82.26167,82.14473,82.171995,82.26167,82.369865,83.20825
77,245.211697,244.912945,245.079601,245.211697,245.467441,245.608754
75,29.449734,29.220102,29.260038,29.449734,31.367431,419.223636
2979,105.518614,105.470229,105.496342,105.518614,105.991702,109.902358
73,154.584607,154.347295,154.548511,154.584607,154.881055,155.257375
71,95.926291,95.415571,95.534611,95.926291,96.313364,98.78786
2972,76.43752,76.31848,76.393744,76.43752,76.755472,79.276048
2973,96.528404,96.45698,96.461588,96.528404,97.618964,156.887072
2970,120.916248,120.678936,120.728856,120.916248,120.943128,121.045272
24329,84.18243,84.14846,84.177505,84.18243,84.32381,84.84042
2976,121.281049,121.221912,121.271064,121.281049,121.400856,121.690392
2977,120.231192,120.22044,120.230424,120.231192,120.235032,120.61596
1041,218.511404,217.824812,218.35166,218.511404,218.59742,220.418348
1044,238.1484,237.758256,237.827376,238.1484,238.166064,247.083314
23286,99.619825,99.57996,99.592215,99.619825,99.641395,100.274215
30129,97.091045,96.87315,96.97094,97.091045,97.223665,97.39183
30128,100.25274,99.911835,100.189065,100.25274,100.34987,100.596885
31291,242.547895,241.28153,241.484445,242.547895,242.785855,247.62057
31293,36.640185,36.165145,36.59942,36.640185,37.075145,37.20854
4307,84.675857,80.55784,84.321041,84.675857,85.193489,90.249234
31295,242.349205,242.23326,242.25548,242.349205,242.821275,243.62523
4304,74.849296,74.227216,74.3908,74.849296,75.622671,75.939088
31298,196.900915,196.8583,196.876945,196.900915,196.907455,197.36153
14699,110.04141,110.03305,110.03324,110.04141,110.118765,110.274545
2986,122.409241,122.360088,122.406937,122.409241,122.418457,122.777881
11050,148.410395,148.36756,148.368,148.410395,148.443555,148.85647
33837,118.61594,118.0777,118.57993,118.61594,118.807565,120.131685
14572,121.32461,118.595655,120.80272,121.32461,121.824255,122.858745
33835,94.894085,92.892425,93.320625,94.894085,95.1948,96.244115
11054,118.87643,117.987055,118.1355,118.87643,119.291645,119.86767
11055,115.64189,115.56433,115.6037,115.64189,115.65207,116.24075
33830,88.758695,88.180615,88.63846,88.758695,89.29153,90.596855
14577,77.853165,77.819005,77.85211,77.853165,78.11965,78.506025
14578,68.88191,68.84242,68.85441,68.88191,68.89598,69.197415
24491,124.90584,124.87756,124.903365,124.90584,124.950715,125.20105
18019,54.48939,54.42736,54.45296,54.48939,54.83372,55.39646
24494,84.10723,83.935805,83.99536,84.10723,84.148725,87.66492
33839,118.630235,118.50684,118.553925,118.630235,120.731295,120.903945
3128,109.515286,109.395478,109.446934,109.515286,109.72495,110.468374
3129,105.883414,105.638422,105.85423,105.883414,105.99631,106.986261
17848,86.24705,86.07321,86.183845,86.24705,86.268535,86.666215
17845,76.027305,75.79703,75.923005,76.027305,76.029755,76.36417
17844,128.783575,128.67225,128.73669,128.783575,128.8401,129.140665
17846,144.14625,144.032705,144.12593,144.14625,144.61136,147.51872
17841,98.492475,97.946015,98.07568,98.492475,98.82243,100.98611
3124,103.983381,103.681557,103.921941,103.983381,104.027157,105.069333
15995,21.17411,21.136445,21.142575,21.17411,21.18849,21.89316
34462,89.06436,89.00562,89.050815,89.06436,89.072425,89.498945
34463,110.70762,108.06574,109.35402,110.70762,112.97063,119.03441
34466,130.374345,130.16284,130.368435,130.374345,130.38253,130.939115
15992,154.08607,154.06275,154.069605,154.08607,154.106025,154.410985
31479,125.188005,124.90901,125.14589,125.188005,125.389335,125.546785
31474,89.016755,88.20522,88.39834,89.016755,89.07032,89.62312
31475,84.517285,84.439415,84.442155,84.517285,84.62785,84.77196
31471,189.79086,187.5218,187.64705,189.79086,190.238685,191.72508
31473,124.052595,123.323615,124.02669,124.052595,125.8311,131.828025
15197,113.352405,113.304765,113.34466,113.352405,113.362955,113.856725
15199,105.66242,104.65393,104.87684,105.66242,105.70259,107.273095
18641,188.426465,187.747085,187.74906,188.426465,191.73532,192.437015
25812,225.30062,225.16586,225.266955,225.30062,225.429545,225.52454
25818,130.23962,130.07839,130.196615,130.23962,130.38234,130.597325
862,93.455635,93.316627,93.332755,93.455635,93.775891,93.929491
1235,115.495703,115.404311,115.422743,115.495703,115.507991,115.703832
16135,100.483865,100.47096,100.472345,100.483865,100.53708,101.03026
22962,84.35263,84.32083,84.335985,84.35263,84.353245,84.763705
23308,144.62737,144.178795,144.352395,144.62737,144.67355,144.86546
32643,62.7867,59.37167,62.276125,62.7867,64.527125,65.98932
22961,85.94795,85.88262,85.901675,85.94795,86.528225,86.63665
28837,209.07992,208.90287,209.063515,209.07992,209.138735,209.663485
23307,95.25558,95.198885,95.20959,95.25558,95.26386,95.689785
28835,78.58529,78.468915,78.57456,78.58529,78.623415,79.043075
12503,150.80754,150.783395,150.80739,150.80754,150.871175,151.349375
12501,101.32819,100.110515,100.585935,101.32819,103.80799,113.8309
12506,0.71011,0.67181,0.70042,0.71011,0.741625,1.329795
12504,50.472635,50.286385,50.31687,50.472635,50.50212,59.218615
15229,125.156655,125.09126,125.099595,125.156655,125.59573,128.324
2754,153.404959,153.025567,153.268255,153.404959,154.070815,154.924064
2027,106.229013,105.819669,106.013973,106.229013,106.493206,106.821909
2753,123.717912,122.936857,123.031321,123.717912,123.997464,136.718619
13759,94.413935,94.29917,94.372165,94.413935,94.42261,94.831585
16551,114.44909,110.74248,112.980375,114.44909,114.94919,115.99525
4706,70.632974,70.554638,70.589966,70.632974,70.63451,71.109134
2321,97.817876,96.94082,97.814036,97.817876,103.185429,106.51855
3126,127.12553,127.116314,127.123994,127.12553,127.19465,127.648538
12644,115.38935,115.35315,115.360315,115.38935,115.444665,115.83934
31925,124.97862,124.40804,124.820735,124.97862,125.343075,125.572605
12640,141.895,141.88009,141.88748,141.895,141.96883,142.487395
12641,121.630895,121.617315,121.62361,121.630895,121.6559,122.115015
12642,123.624395,123.56771,123.60784,123.624395,123.7056,124.26212
16083,93.77249,93.73734,93.75778,93.77249,93.861825,94.098355
17948,99.090965,98.05436,98.54204,99.090965,99.10055,100.528425
12648,122.3448,122.148495,122.33784,122.3448,122.408245,122.51076
16087,109.746655,109.405805,109.50809,109.746655,109.77065,109.790275
16085,208.701755,208.657615,208.700715,208.701755,208.803005,212.71933
31920,133.900755,132.898665,133.862115,133.900755,134.1372,135.193295
13631,82.81549,82.76136,82.77583,82.81549,82.926025,83.154145
10869,174.37703,172.72525,173.01212,174.37703,175.03671,175.69565
12723,134.753515,134.67013,134.71911,134.753515,134.76216,135.077185
10866,162.58028,161.965835,162.29788,162.58028,162.64352,163.378155
10864,102.898505,102.78303,102.78557,102.898505,103.20847,103.931605
10865,125.751285,125.72494,125.74354,125.751285,125.78053,126.11195
21044,223.39558,223.26834,223.391505,223.39558,223.5202,223.864825
19507,94.2873,94.239135,94.261025,94.2873,94.46523,94.57722
32172,152.9493,152.81928,152.91694,152.9493,153.229595,153.437295
32173,81.98238,81.674645,81.71233,81.98238,82.041035,82.24352
18561,52.552165,50.6163,50.833195,52.552165,56.50597,59.48203
19503,157.533925,157.18558,157.32956,157.533925,157.681745,157.82682
19856,86.636605,86.4916,86.583345,86.636605,87.04523,87.2529
21048,234.091595,233.639595,233.94222,234.091595,234.18471,234.52505
19508,165.973465,165.94297,165.96209,165.973465,166.016585,166.676735
13639,21.86791,21.628835,21.693665,21.86791,22.13582,22.52083
29977,135.916225,135.39835,135.680355,135.916225,136.816625,137.098
2369,97.102099,97.047571,97.052179,97.102099,97.191956,97.844756
2368,137.299228,137.257756,137.29078,137.299228,137.945884,142.043165
26232,105.02923,104.68976,104.90556,105.02923,105.884235,106.557325
2366,146.773278,146.36547,146.401566,146.773278,146.780958,147.098142
2365,106.200597,106.084629,106.185238,106.200597,106.287382,106.692886
2364,112.584214,112.44367,112.498966,112.584214,113.763095,133.451547
2363,114.023447,114.001175,114.014999,114.023447,114.145559,114.659351
21956,105.31112,105.235715,105.235715,105.31112,105.40688,105.626985
28241,50.22005,49.80625,50.071785,50.22005,50.281245,51.75499
21954,99.15493,98.568875,99.00897,99.15493,99.28755,99.31641
21950,120.936765,112.868935,115.773295,120.936765,121.77454,138.727685
28240,258.470185,258.201185,258.42115,258.470185,258.63266,259.893185
21228,91.97311,91.924935,91.94943,91.97311,91.97637,92.43723
21229,133.08075,132.78695,132.889975,133.08075,133.46534,133.546205
28243,133.20127,133.04885,133.11113,133.20127,133.31373,133.723105
21959,87.1017,87.06838,87.069005,87.1017,87.102335,87.4573
14520,96.4173,95.25629,96.33876,96.4173,96.7779,97.46321
17681,184.246905,183.650815,183.66905,184.246905,184.51128,184.61271
3726,109.658134,101.448212,101.704724,109.658134,109.848598,123.121177
3727,148.165662,148.092702,148.10499,148.165662,148.215582,148.965917
17689,125.630655,125.554575,125.62511,125.630655,125.941795,126.21317
3723,128.004122,127.983386,128.000282,128.004122,128.090906,128.721434
4686,117.6822,116.71836,117.247512,117.6822,118.065432,123.939865
4931,98.546708,98.52674,98.539028,98.546708,98.550548,99.853076
13595,123.990525,122.55901,122.927205,123.990525,125.718455,128.16363
13593,111.91905,111.864315,111.88107,111.91905,111.9301,112.495715
13592,110.465955,110.43396,110.4453,110.465955,110.50898,110.86949
4680,83.562256,83.4148,83.424017,83.562256,83.877137,83.916305
13590,144.09625,144.06795,144.092875,144.09625,144.287455,144.668645
4939,196.027431,189.063973,190.59767,196.027431,247.147826,267.619638
13599,89.130335,88.93834,89.00945,89.130335,89.44108,89.52833
11734,238.93916,238.92576,238.926055,238.93916,238.954855,239.346605
11737,108.534585,108.518195,108.531085,108.534585,108.55477,109.45442
11736,82.033615,81.937425,81.955395,82.033615,82.08662,82.42032
11733,87.883755,87.845585,87.882855,87.883755,87.95054,88.560105
2101,94.27586,93.862675,94.225172,94.27586,94.785811,100.078868
19801,92.36542,91.89088,92.087015,92.36542,93.794125,100.126825
2107,80.454928,80.324368,80.375824,80.454928,80.458768,80.991761
2106,92.650771,92.294419,92.372755,92.650771,93.387283,94.150675
14016,95.327795,94.682485,95.26196,95.327795,95.33486,95.36194
14015,162.58867,162.306925,162.39226,162.58867,162.616265,163.073115
14014,104.68369,104.584485,104.65759,104.68369,104.81499,105.248525
14012,106.65778,106.64416,106.646545,106.65778,106.69,107.178805
14011,127.56365,127.52061,127.53862,127.56365,127.6043,128.28984
17062,89.670465,89.63676,89.651645,89.670465,89.692,90.965545
20795,111.810985,111.787375,111.808895,111.810985,111.857695,112.173015
20794,20.312245,19.337645,19.81632,20.312245,20.473395,20.884475
17066,86.594425,86.05782,86.36773,86.594425,87.04903,87.9958
17065,95.52685,95.31942,95.514615,95.52685,95.59234,96.072265
17064,108.222695,107.88271,108.04504,108.222695,108.303235,109.20458
18564,170.67835,170.43904,170.488625,170.67835,170.718565,171.263505
34329,60.931205,59.4309,60.778595,60.931205,62.746765,65.43135
31170,129.923915,129.869395,129.92032,129.923915,130.1098,130.50786
35060,73.86955,73.799425,73.82276,73.86955,73.96343,74.633295
35121,27.10106,26.932155,27.049225,27.10106,27.150925,27.74304
10482,14.5629,9.931505,12.699245,14.5629,18.055125,19.680205
10484,2.64364,2.634825,2.642385,2.64364,2.64536,3.24716
10486,87.59013,86.097885,86.569355,87.59013,87.71796,91.78471
10487,116.190145,116.16041,116.188275,116.190145,116.228035,116.687955
14909,108.09181,108.04058,108.065915,108.09181,109.641215,113.417265
33338,212.75982,211.710915,211.885355,212.75982,213.37445,216.565045
33628,104.100815,103.693745,103.951775,104.100815,104.52568,104.59247
898,78.790672,78.735376,78.778384,78.790672,79.189264,119.224344
33622,116.55153,114.762535,116.083075,116.55153,117.10714,117.29584
33626,28.119445,26.83088,27.300125,28.119445,28.15388,28.29158
16351,118.421225,118.359195,118.396855,118.421225,118.455285,118.97275
20573,122.13643,122.05998,122.10786,122.13643,122.140405,122.584445
34813,112.657135,111.27139,111.678755,112.657135,114.45017,115.692605
20577,79.288175,79.203335,79.24754,79.288175,79.327915,79.740395
34814,98.006575,97.601525,97.818065,98.006575,98.023285,98.58704
34817,140.54634,139.90378,139.95595,140.54634,140.97692,143.21653
34818,120.11393,118.52295,119.004355,120.11393,121.543075,124.23791
21915,187.96536,187.84473,187.945445,187.96536,188.07071,188.540405
16266,99.95085,99.68239,99.77626,99.95085,99.95206,100.811285
18478,121.69076,121.50432,121.592655,121.69076,121.75291,121.759725
23023,67.71323,66.14322,66.511905,67.71323,68.181605,68.4924
35065,10.743105,9.740565,10.38884,10.743105,11.188585,11.23827
15768,140.953255,140.849055,140.854565,140.953255,141.15787,141.353635
15767,87.620145,87.25329,87.569095,87.620145,87.730345,88.40142
15762,88.067555,87.748605,87.899805,88.067555,88.102255,88.734395
15763,12.85564,12.573295,12.68531,12.85564,13.021545,13.34753
15761,83.953635,83.900785,83.91493,83.953635,83.97065,84.70137
29461,90.62662,90.157735,90.283625,90.62662,90.840085,91.00109
18227,87.37853,87.357475,87.35761,87.37853,87.43739,87.75478
32028,92.350205,92.151045,92.27608,92.350205,92.381115,93.00675
32474,80.99992,80.95675,80.996175,80.99992,81.005285,81.555765
29341,98.33162,98.26374,98.326735,98.33162,98.652515,98.89999
11877,105.4771,105.426245,105.43109,105.4771,105.595795,105.7732
30825,139.05417,138.47469,138.76043,139.05417,140.023865,140.601275
30820,106.409525,106.043375,106.19537,106.409525,106.749825,107.30655
30823,158.210175,158.030945,158.175295,158.210175,158.97019,162.656505
674,123.355417,123.289369,123.313177,123.355417,123.391513,123.764761
3801,139.09558,138.977308,139.008796,139.09558,139.554076,139.743772
677,116.840472,116.655384,116.821272,116.840472,116.877335,117.07932
30828,111.82984,111.18536,111.229335,111.82984,112.4441,113.75422
30829,135.982925,124.594865,125.24098,135.982925,152.02178,154.46293
672,100.93058,100.879892,100.913684,100.93058,100.972052,101.538069
673,99.227156,99.135764,99.142676,99.227156,99.28706,99.962132
18205,97.08135,90.429535,95.33976,97.08135,98.302945,98.99192
33768,115.699295,115.639585,115.647105,115.699295,115.764495,116.228955
15505,197.786555,192.80608,193.1289,197.786555,197.89853,199.058375
31665,110.44318,110.030655,110.209485,110.44318,110.460735,110.698225
31667,145.31782,137.847915,141.887045,145.31782,149.79607,150.658525
31666,87.10727,86.923475,87.04035,87.10727,87.181125,87.490075
31669,118.53021,118.031405,118.138445,118.53021,118.571845,118.976845
31668,108.752215,108.50637,108.648895,108.752215,109.10033,109.35274
29682,108.72248,107.6606,108.390825,108.72248,109.140145,112.955975
29680,92.28298,92.09233,92.18366,92.28298,92.304485,93.019555
29681,109.240285,108.762435,109.166395,109.240285,109.43514,109.69212
14300,106.75674,104.219625,106.60262,106.75674,112.741875,113.212835
17584,127.96354,127.82395,127.901095,127.96354,128.030895,128.37417
34100,64.59832,64.39984,64.461205,64.59832,64.638215,65.125585
34105,31.47023,30.42874,30.831265,31.47023,32.967435,33.60092
30582,76.869395,76.583125,76.656385,76.869395,77.62139,77.674145
2495,96.493843,96.284179,96.287251,96.493843,96.737299,97.165844
34109,109.90319,109.55812,109.830235,109.90319,110.119295,111.337485
34108,162.750145,160.06192,161.803225,162.750145,163.845125,166.00378
18657,125.036205,124.703395,125.00061,125.036205,125.80504,126.2481
2494,161.386785,160.959008,161.060385,161.386785,161.753889,161.844513
11779,121.614675,121.573555,121.60561,121.614675,121.620155,122.15012
28483,106.41708,106.337705,106.39881,106.41708,106.425655,108.13548
1257,137.35606,137.247004,137.343004,137.35606,137.360668,137.57878
1254,96.012308,95.997716,96.009236,96.012308,96.016916,96.413972
1255,116.991767,116.953367,116.953367,116.991767,117.051671,117.3558
28339,186.042945,185.7846,185.86615,186.042945,186.160615,187.0784
28338,102.314595,102.06445,102.23166,102.314595,102.475575,102.939645
30234,31.561745,29.341805,30.39168,31.561745,32.17638,32.84727
28335,177.14308,177.05507,177.0614,177.14308,177.16892,177.40275
34447,114.406755,113.43696,113.44552,114.406755,115.782055,120.56185
23178,95.4361,95.395415,95.41026,95.4361,95.51747,95.694805
28336,226.94024,225.288455,226.389745,226.94024,227.24294,227.72068
28331,80.754465,80.151475,80.36338,80.754465,81.344165,81.99908
30588,131.275705,131.233185,131.26392,131.275705,131.292755,131.99362
22557,116.346435,116.27067,116.289285,116.346435,116.35493,116.93841
22556,120.49427,119.17558,120.287715,120.49427,127.03459,133.632425
22550,98.7202,98.62615,98.630375,98.7202,98.729815,98.949555
4117,110.996758,110.88463,110.94223,110.996758,111.355414,111.846167
31086,104.12813,104.02039,104.103405,104.12813,104.252185,104.77538
31081,113.61901,112.72454,112.75827,113.61901,113.88817,115.940085
4113,171.191074,170.896162,171.025954,171.191074,171.378467,171.451426
4110,89.72469,89.666322,89.680914,89.72469,89.753874,90.077202
4111,75.666447,75.230992,75.39688,75.666447,75.87688,76.653328
16033,110.040345,109.95237,109.96611,110.040345,110.30689,110.601155
15170,126.182975,126.072085,126.10364,126.182975,126.278065,126.56756
31088,93.52027,93.45879,93.46915,93.52027,93.554705,94.45423
20290,108.286705,108.21493,108.260475,108.286705,108.39575,108.58411
26420,103.0262,102.179245,102.200955,103.0262,103.792135,105.411065
19117,75.847315,75.730955,75.804165,75.847315,76.44725,76.594565
34261,24.456515,24.038935,24.160095,24.456515,24.883145,25.038215
24681,20.180225,20.132275,20.157375,20.180225,20.18648,20.914775
24680,77.464845,77.174035,77.30586,77.464845,77.80112,82.38662
28159,90.536085,90.3234,90.48209,90.536085,90.60575,91.06181
32419,113.800975,113.03823,113.77419,113.800975,114.582405,114.806805
32417,119.691875,119.661145,119.683435,119.691875,119.696495,120.63068
32415,102.343965,101.94786,102.12674,102.343965,102.90431,103.090955
28154,17.701025,15.792365,16.017235,17.701025,17.707335,20.116665
17936,162.98363,162.763215,162.81697,162.98363,163.11587,164.254605
28450,94.53843,94.399265,94.447335,94.53843,94.54183,94.59417
31889,104.52553,103.91525,104.502775,104.52553,104.63046,105.124205
31885,99.947325,99.679565,99.769435,99.947325,100.42808,100.435785
31886,89.51822,89.025285,89.027985,89.51822,89.56844,90.01107
31881,98.18003,98.142125,98.16196,98.18003,98.36111,98.95146
3055,197.498152,197.373736,197.417512,197.498152,198.166312,254.400051
11506,32.332955,31.686685,32.072465,32.332955,32.43158,32.5682
28454,110.06886,110.045285,110.050405,110.06886,110.095995,110.49561
11504,220.75618,220.52473,220.653345,220.75618,220.885425,221.466615
2108,95.709715,95.378707,95.623699,95.709715,95.757331,96.225812
11500,18.59266,18.262575,18.518275,18.59266,19.188275,20.791605
14377,116.527525,116.37891,116.40495,116.527525,116.685015,116.89051
27083,80.548435,78.948045,79.995205,80.548435,80.6806,89.145215
983,94.058515,91.475731,93.979411,94.058515,95.34338,97.440019
980,106.35727,106.321174,106.347286,106.35727,106.372629,106.798869
16751,121.017415,119.56794,120.30712,121.017415,121.89171,123.455715
14445,192.293895,192.24781,192.27572,192.293895,192.31523,192.769185
25029,82.95002,82.85574,82.943335,82.95002,83.019245,83.23798
25027,49.83288,48.775,49.327715,49.83288,51.460585,52.64294
10047,95.6513,95.546895,95.58856,95.6513,95.94682,97.276845
25790,96.0661,96.033415,96.042845,96.0661,96.221285,96.96201
16174,171.021145,170.53045,170.599565,171.021145,171.0989,171.258995
25020,108.179215,107.06682,107.133985,108.179215,109.47592,111.837945
50042,86.227791,85.659126,86.00525,86.227791,86.408417,86.426584
35100,93.02707,92.221295,92.765045,93.02707,93.04081,93.83162
28523,96.865615,96.74222,96.862545,96.865615,96.871605,97.036675
19338,91.803505,91.75633,91.759515,91.803505,91.838015,92.088185
25249,127.43799,127.32704,127.408165,127.43799,127.47125,128.230375
20751,91.115265,90.958555,91.06573,91.115265,91.447035,92.55906
6028,81.087577,81.039332,81.067587,81.087577,81.094552,81.507233
6029,81.979502,81.899825,81.959137,81.979502,82.022055,82.336125
17210,91.276735,91.1933,91.22556,91.276735,91.38736,91.9633
17211,110.83114,109.59433,110.343605,110.83114,110.8476,111.313605
17212,94.85626,94.83888,94.854135,94.85626,95.098435,95.359015
19330,103.974205,103.14745,103.64121,103.974205,104.0199,106.764135
32189,106.86358,106.72745,106.854675,106.86358,106.993855,107.22686
6022,90.609811,90.579469,90.5984,90.609811,90.641631,90.859206
17218,56.53076,56.366665,56.433555,56.53076,56.55448,57.42245
32613,11.427695,9.1531,11.35875,11.427695,11.92919,12.482305
6026,127.728562,127.702767,127.723337,127.728562,127.760837,127.985492
6027,89.075398,88.921635,88.97745,89.075398,89.09747,89.713718
10070,114.97682,114.94091,114.952115,114.97682,114.98915,115.380205
16100,108.65507,108.22378,108.32146,108.65507,108.737395,111.287295
10074,262.555725,262.5245,262.550805,262.555725,262.587795,263.15806
10077,86.19805,85.82882,85.97633,86.19805,86.214855,86.656375
10076,122.146745,122.07531,122.080865,122.146745,122.16966,122.496115
19627,210.150885,209.430745,209.728575,210.150885,210.25774,210.35772
2646,95.546132,95.441684,95.529236,95.546132,95.55458,96.195091
35103,19.9788,18.90082,19.95264,19.9788,20.45722,20.966195
33399,84.115445,84.05219,84.05455,84.115445,84.12236,84.80567
12367,89.206935,89.049435,89.141865,89.206935,89.304035,89.5781
33103,28.620615,28.121785,28.18894,28.620615,28.625225,29.02171
33101,262.08139,261.23432,261.854255,262.08139,263.136645,264.169555
33106,146.05596,145.94342,145.980485,146.05596,146.33249,146.590725
33108,126.56852,126.540315,126.545,126.56852,126.57414,127.22668
33109,64.820125,64.60439,64.70505,64.820125,64.93369,65.18631
16057,99.222395,99.171105,99.216585,99.222395,99.287235,99.674685
21567,93.540025,93.39389,93.480065,93.540025,100.45599,100.83402
21566,143.939045,143.71853,143.79236,143.939045,144.01216,144.54862
21565,96.70004,96.19215,96.39062,96.70004,97.0587,97.24511
24044,111.081395,110.613065,110.98717,111.081395,111.114765,111.207745
21563,170.24864,170.208065,170.210585,170.24864,170.301605,170.786505
24040,96.999695,96.912825,96.938295,96.999695,97.013985,97.69272
24049,115.252755,113.756175,114.39566,115.252755,115.51165,116.84241
21568,119.21821,118.609975,119.15641,119.21821,119.52726,119.74305
3555,100.875284,100.220948,100.798484,100.875284,101.467412,103.675413
3554,92.990995,92.986387,92.990227,92.990995,93.000979,93.549331
3553,126.011162,125.78537,125.967386,126.011162,126.087962,126.885146
3559,110.790934,110.724118,110.768662,110.790934,110.807062,110.944535
20961,183.81418,183.794035,183.79727,183.81418,184.00953,184.171255
35106,272.420025,272.120435,272.164725,272.420025,272.851015,273.50105
30050,66.9732,63.87292,64.427375,66.9732,67.71417,67.79159
29859,119.45217,119.13091,119.390845,119.45217,119.501495,119.869755
29858,73.391945,71.342115,72.291825,73.391945,76.596165,122.49789
2914,100.970517,99.3869,99.4637,100.970517,101.630228,109.331734
2915,125.007385,124.908313,124.998937,125.007385,125.544986,126.25769
719,81.622288,81.531664,81.538576,81.622288,82.364177,86.435345
4175,111.677206,111.462934,111.479062,111.677206,111.704854,111.903767
717,106.227477,105.382677,105.858069,106.227477,106.777366,113.375255
29852,102.793665,100.554865,100.56007,102.793665,105.76912,106.590495
715,110.327062,109.122838,109.998358,110.327062,110.436118,118.764312
714,131.222042,131.102234,131.142938,131.222042,132.149787,133.080603
29857,219.763015,217.621015,218.61865,219.763015,219.93415,220.191245
4176,110.493718,110.261014,110.352406,110.493718,111.197206,112.498198
711,103.827477,103.687701,103.800597,103.827477,103.865109,104.801301
31949,134.893355,134.032665,134.38077,134.893355,135.67189,136.68052
24300,165.478825,165.01356,165.178965,165.478825,165.5691,166.25058
24301,82.985975,82.885925,82.9101,82.985975,83.130465,83.673845
24303,54.15361,53.5114,54.021795,54.285425,54.83682
6128,213.378079,213.190738,213.212217,213.378079,213.751156,213.807895
1069,247.46501,246.775345,246.876721,247.46501,247.88357,249.669938
28447,100.813405,100.1948,100.55302,100.813405,100.964275,102.847975
32561,83.343435,83.23867,83.259805,83.343435,83.403385,84.359685
1060,211.974954,211.868202,211.928874,211.974954,212.140074,212.538667
13015,219.76051,219.71453,219.73545,219.76051,219.814915,220.22332
30459,141.46273,141.310545,141.442045,141.46273,141.99843,249.46105
16757,86.6687575,86.544105,86.624515,86.713,87.50477
30109,114.853255,114.455005,114.476745,114.853255,116.27893,117.981295
30108,93.36518,93.279595,93.33602,93.36518,93.373675,93.96737
10750,121.47296,119.89756,120.063055,121.47296,122.283395,122.81722
30456,18.44272,16.74302,16.859805,18.44272,18.758675,21.54308
30453,19.537285,17.359945,18.25508,19.537285,22.152675,23.30363
30100,122.67408,122.634685,122.64107,122.67408,122.76926,123.421835
4329,126.965018,125.910553,125.916697,126.965018,127.64393,128.046362
4328,114.311447,111.750934,112.634134,114.311447,115.876632,117.1062
32560,87.509225,87.253545,87.292945,87.509225,88.182235,88.191995
4321,88.518163,88.316179,88.343827,88.518163,88.694034,88.880658
13889,101.55746,100.763725,100.92143,101.55746,101.816815,102.012835
31275,96.647105,96.23918,96.59012,96.647105,96.98967,97.42959
4324,167.63677,167.569186,167.602978,167.63677,167.682082,168.586786
31270,101.031075,100.323425,100.43524,101.031075,102.73659,103.210625
31271,83.71377,83.69599,83.6974,83.71377,83.720015,84.058695
3141,82.721297,82.507793,82.627601,82.721297,82.742801,82.958609
3142,106.982422,106.533141,106.940181,106.982422,108.053014,109.208854
33818,100.83471,100.523755,100.740595,100.83471,100.92783,101.371775
3145,98.257172,98.203412,98.20418,98.257172,98.31554,98.623508
149,91.699218,91.60245,91.688466,91.699218,92.362003,93.481747
33814,91.78881,91.741815,91.78164,91.78881,91.831625,92.27051
33816,121.307945,121.26287,121.305615,121.307945,121.623635,121.719755
14595,90.073705,89.98146,90.023755,90.073705,90.226965,91.31261
33811,127.90871,127.47657,127.711025,127.90871,128.12149,128.173855
33812,108.94569,108.445025,108.69787,108.94569,109.219955,109.26139
20217,112.061915,111.946095,112.000285,112.061915,112.295035,112.993225
20214,84.305725,84.2424,84.291425,84.305725,84.404565,84.59559
20210,108.199655,107.51372,107.964725,108.199655,108.336825,108.769165
32266,103.673505,103.38801,103.444965,103.673505,103.755515,104.59286
17863,95.64096,95.627955,95.63623,95.64096,95.641775,96.34737
34223,147.65504,147.460725,147.5735,147.65504,147.91239,148.7449
17865,138.339665,138.090925,138.322165,138.339665,138.574515,138.613515
19079,146.03496,145.974775,146.003965,146.03496,146.039105,146.34509
14777,22.681455,22.272085,22.60383,22.681455,22.917795,40.204375
23099,107.076375,107.01743,107.06734,107.076375,107.44884,107.61038
30900,120.417565,119.63958,120.171785,120.417565,121.24299,124.37683
27659,89.778035,88.85435,89.06508,89.778035,89.82472,97.9849
18462,108.461475,104.799825,106.522775,108.461475,113.119015,119.690025
27656,98.337295,98.06579,98.272975,98.337295,99.33365,114.119795
27655,165.72961,165.288515,165.69784,165.72961,166.022025,167.122585
29145,81.179365,80.5873,81.081145,81.179365,81.365145,81.41895
2060,75.986703,75.875344,75.964431,75.986703,75.990543,76.137999
23891,106.295515,106.277085,106.28483,106.295515,106.329275,106.70698
23892,102.127805,101.75626,102.05004,102.127805,102.46987,102.74264
23322,148.920445,148.42023,148.649415,148.920445,148.95836,150.17435
23321,94.24754,94.190855,94.23046,94.24754,94.297005,95.024
28819,165.548905,164.969315,165.497965,165.548905,165.95233,166.044905
25402,146.363745,145.306865,146.06577,146.363745,146.365905,146.788475
25404,173.2565,171.1257,171.668765,173.2565,173.53471,174.35415
23122,98.126145,97.53896,97.806785,98.126145,98.162495,99.71788
15965,113.75354,113.70456,113.734345,113.75354,114.03237,114.381255
15241,109.633605,109.199355,109.452665,109.633605,109.84243,110.054655
12563,15.732145,14.98614,15.644295,15.732145,15.97661,17.19427
15244,94.650325,94.51022,94.586995,94.650325,94.665425,95.19959
12566,30.998455,28.075605,30.59425,30.998455,33.207315,36.237315
3104,122.820121,122.439192,122.630425,122.820121,124.503577,128.118554
32995,66.418755,66.272245,66.332855,66.418755,66.528055,67.1976
10757,100.018895,99.99104,100.010175,100.018895,100.025005,100.45046
12622,79.89232,79.422925,79.641235,79.89232,79.91148,80.79805
12623,61.436135,59.28879,61.215245,61.436135,64.74431,65.058235
12621,78.74866,78.29979,78.38883,78.74866,78.895415,79.32041
12626,124.62212,124.581695,124.61654,124.62212,124.64829,125.200075
1464,76.35304,76.310031,76.333072,76.35304,76.373776,116.63004
12629,115.162895,115.132135,115.141835,115.162895,115.180575,115.596615
10841,121.482495,121.433115,121.44111,121.482495,121.486775,122.07731
10843,228.97798,228.03882,228.952605,228.97798,235.73592,259.53836
10845,95.952855,95.90533,95.95276,95.952855,95.980525,96.43333
10849,121.95465,121.918575,121.952405,121.95465,122.04175,122.441075
10293,117.99709,117.32522,117.417005,117.99709,118.219575,118.366425
4628,116.06172,115.95036,115.974936,116.06172,116.067096,116.600088
32296,223.8363,223.647125,223.657915,223.8363,224.076515,224.39805
24338,110.143395,109.37945,109.99072,110.143395,110.9548,113.825905
21023,82.05121,81.54082,81.97855,82.05121,82.753175,84.72231
21028,77.669375,76.78882,77.456505,77.669375,77.786015,90.785195
32195,159.863515,159.269985,159.494295,159.863515,160.170035,160.637165
19520,55.87911,55.798665,55.864725,55.87911,55.901185,56.361155
32193,102.14784,102.04329,102.126,102.14784,102.69589,102.735065
32190,87.085025,87.014185,87.05068,87.085025,87.10241,87.523435
32191,106.48622,106.401145,106.470365,106.48622,106.56925,107.28932
12199,151.553305,151.353065,151.3924,151.553305,151.555875,152.40762
22054,101.49587,101.19023,101.38446,101.49587,101.7522,102.52211
22055,110.3127,110.021845,110.071355,110.3127,110.33949,117.336975
12195,170.93133,170.747775,170.864635,170.93133,171.031835,171.162035
12196,98.387,98.0009,98.162385,98.387,99.03711,99.48618
22059,83.101745,82.983375,82.987445,83.101745,83.25612,83.492395
2345,191.471654,191.314982,191.444774,191.471654,191.51543,192.039975
2343,82.570769,82.37416,82.472465,82.570769,82.659089,83.337233
25497,251.80142,250.24543,251.115965,251.80142,251.89043,253.29824
21799,156.960965,156.67193,156.70513,156.960965,157.711545,158.21015
35161,17.243285,16.325265,16.45882,17.243285,17.53818,17.914235
23763,219.437305,219.3694,219.407235,219.437305,219.45789,219.973125
21795,131.20089,130.08075,130.820285,131.20089,132.070235,132.2723
21973,120.06243,120.015285,120.02113,120.06243,120.07612,120.72623
3709,151.075614,150.987294,151.054878,151.075614,151.391262,151.654687
28831,86.651445,85.90447,86.543635,86.651445,86.889525,86.9688
3702,92.554003,92.461843,92.500243,92.554003,92.557075,92.828179
3703,226.236717,224.709933,225.499438,226.236717,226.353453,232.416814
3700,71.739662,70.977038,71.013902,71.739662,87.214866,87.860754
3701,121.388569,121.367065,121.381657,121.388569,121.636633,121.926168
3706,115.386647,115.328279,115.343639,115.386647,115.570967,115.872023
3704,85.949201,85.781009,85.898513,85.949201,86.261777,86.741778
2121,85.177361,85.022225,85.029137,85.177361,85.451537,85.851666
2124,106.357269,106.007829,106.311189,106.357269,106.69135,110.86927
4916,100.207124,100.187156,100.205588,100.207124,100.246292,114.579479
4914,108.578326,108.421654,108.546838,108.578326,108.651286,109.400086
31824,91.01235,90.73451,90.781715,91.01235,91.345395,92.439755
4660,91.890451,91.885843,91.888915,91.890451,91.944979,93.428754
34484,95.99596,95.63558,95.95178,95.99596,96.03317,96.41534
4910,117.902616,117.82044,117.868056,117.902616,117.98172,118.713624
13572,0.922215,0.904645,0.905955,0.922215,0.94243,1.38795
11713,95.38721,95.3197,95.3851,95.38721,95.438825,96.148535
11710,91.6726,91.6505,91.6717,91.6726,91.79818,92.15127
11717,94.822965,94.75471,94.811,94.822965,94.834465,95.1274
11716,123.725535,123.65621,123.70806,123.725535,124.078355,124.19249
11715,127.83018,127.73067,127.81984,127.83018,128.069935,128.865055
31828,100.855725,100.728555,100.85422,100.855725,100.91323,101.151175
30901,79.22376,79.130775,79.18082,79.22376,79.32613,79.42673
16211,115.036945,114.488995,114.807405,115.036945,115.10268,115.158775
12430,93.9161,93.8442,93.897655,93.9161,93.96991,94.855375
133,122.798616,121.936152,122.346264,122.798616,123.284761,158.572832
132,137.614108,137.451292,137.558044,137.614108,137.631771,138.303004
131,77.743888,77.680912,77.71624,77.743888,79.718416,82.398737
137,87.598866,87.527442,87.59733,87.598866,87.617298,88.087314
20778,21.912775,21.16049,21.906795,21.912775,22.303975,23.507555
20777,241.916605,240.591135,241.237295,241.916605,242.353755,243.583825
138,109.010709,108.477718,108.682774,109.010709,109.067542,112.291607
20770,112.31503,111.171535,111.644995,112.31503,113.578235,116.969315
33746,121.263635,121.229965,121.23971,121.263635,121.301965,121.719445
20772,207.319405,207.276925,207.305065,207.319405,207.432395,208.274535
16210,115.082005,114.8864,115.004405,115.082005,115.104905,115.599925
24789,251.281755,251.21778,251.259505,251.281755,251.406925,251.990195
13921,116.98397,116.911845,116.978295,116.98397,116.987125,117.494345
20519,27.093835,27.068635,27.08688,27.093835,27.10838,27.494955
34837,159.968895,159.102575,159.206265,159.968895,159.974755,160.569385
34836,106.90053,106.246765,106.42288,106.90053,107.40406,107.867265
20512,359.895405,359.7635,359.786375,359.895405,359.968875,360.303275
20515,95.547445,95.503175,95.540825,95.547445,95.616805,96.20313
20517,143.17322,143.1343,143.15878,143.17322,143.261315,143.56285
14707,92.62804,92.60087,92.61468,92.62804,92.663065,93.480005
15747,80.965475,79.775205,80.507515,80.965475,81.04284,81.391565
15740,19.99395,19.578055,19.90545,19.99395,21.06254,21.43088
13526,77.432705,77.37936,77.424725,77.432705,77.489475,77.82441
15743,35.867605,35.534825,35.67515,35.867605,36.034275,36.864095
15749,64.63377,63.375545,63.49901,64.63377,64.82596,65.691375
82,101.323028,100.99202,101.009684,101.323028,101.343764,102.225429
81,110.465302,109.519126,109.864726,110.465302,111.190294,112.399126
86,86.957586,82.270481,86.032914,86.957586,91.591699,112.528151
85,39.091977,38.244871,38.73332,39.091977,39.579656,40.233992
29449,80.63555,80.56994,80.62696,80.63555,80.654555,81.328795
29338,56.55358,56.497215,56.507475,56.55358,56.55752,56.94996
29339,100.10787,100.06595,100.091125,100.10787,100.40811,115.48568
14637,85.57473,85.540425,85.547605,85.57473,85.576055,86.22075
29332,105.84263,105.83282,105.8366,105.84263,105.84657,106.29411
31050,85.183205,84.967115,85.14092,85.183205,85.25767,85.8594
29446,211.139875,210.78491,210.970275,211.139875,211.176205,211.187265
29331,109.28775,109.2394,109.28585,109.28775,109.33249,109.720465
33317,90.06981,89.76868,89.90726,90.06981,90.12544,90.528185
14926,106.21418,106.09453,106.17061,106.21418,106.2466,106.71594
33643,69.38987,69.381715,69.38908,69.38987,69.464075,70.041055
14292,94.240175,94.202675,94.232485,94.240175,94.320055,95.582675
14295,111.19469,110.92411,110.997605,111.19469,111.343975,112.202225
33644,9.35645,8.7351,9.106125,9.35645,9.47161,9.99516
18244,227.25473,227.18879,227.22783,227.25473,227.28583,228.188865
33646,9.331205,8.81207,8.890795,9.331205,10.471375,10.48091
14299,83.417035,83.26841,83.280835,83.417035,83.729055,84.458525
33648,95.441065,94.54517,95.07005,95.441065,95.734005,99.72595
18249,83.859265,83.74155,83.846745,83.859265,83.927955,84.33152
31057,107.070035,107.03123,107.07002,107.070035,107.07394,107.44462
30666,89.580555,89.23316,89.28709,89.580555,89.848965,91.01812
15523,144.751545,144.450245,144.58505,144.751545,145.47644,146.117415
30846,116.81866,116.76184,116.803625,116.81866,116.834965,117.372945
30847,112.977055,112.885375,112.92258,112.977055,113.43985,115.66283
30661,86.082665,86.01736,86.036115,86.082665,86.111795,86.631565
34344,94.64946,94.39961,94.42718,94.64946,94.7449,95.16199
30848,102.416065,100.591115,101.618375,102.416065,103.880685,107.37998
31055,106.009625,105.72366,106.005085,106.009625,106.1742,106.386645
34341,115.075595,114.776485,114.85556,115.075595,115.317795,116.235255
34342,95.05487,94.911905,95.002305,95.05487,96.690395,98.72753
31058,101.272115,101.23325,101.25993,101.272115,101.30618,101.506605
32123,109.063105,108.978195,109.051215,109.063105,109.24263,110.28209
21096,268.425915,260.533905,260.65951,268.425915,268.61043,268.69918
31647,110.025985,109.58367,109.5839,110.025985,110.817625,110.909945
31646,126.294425,126.22426,126.27036,126.294425,126.342855,126.436495
31645,103.362775,103.32076,103.338465,103.362775,103.36656,103.75339
31643,105.12506,105.077995,105.091675,105.12506,105.196525,105.902525
31642,92.76176,92.707085,92.71566,92.76176,92.775115,93.115645
31641,122.183575,121.6006,121.81941,122.183575,122.241385,122.72354
31640,100.993045,100.854005,100.96702,101.01907,101.887345
4506,118.979352,118.927896,118.971673,118.979352,119.3526,120.022296
19806,91.85951,91.822125,91.84263,91.85951,91.915065,92.22157
34168,112.02704,111.988775,111.999685,112.02704,112.03845,112.37362
32041,94.21589,93.580225,93.710025,94.21589,94.916995,95.0084
16365,118.88682,118.8647,118.87364,118.88682,118.918155,119.238375
12028,111.663735,111.61733,111.63104,111.663735,111.68562,112.43515
34691,57.342965,47.69539,49.63394,57.342965,58.960115,62.869605
34696,113.86323,113.543845,113.61856,113.86323,114.064175,114.22448
34695,85.556215,84.71199,85.491375,85.556215,86.428185,88.10243
34694,100.03456,99.89225,99.99699,100.03456,100.18205,100.606875
16016,42.19225,35.54901,39.29387,42.19225,42.23947,42.77304
11155,107.40162,107.368025,107.394735,107.40162,107.40986,107.963245
24519,94.885565,94.667205,94.716755,94.885565,95.32685,95.529465
11150,95.91588,95.88839,95.890635,95.91588,96.019835,96.20067
11153,24.158695,23.88633,23.90104,24.158695,24.26831,24.46967
11158,111.64227,109.91204,111.294655,111.64227,112.952825,113.99591
23158,122.63755,122.54243,122.55745,122.63755,122.63949,123.06465
657,118.46172,118.3542,118.376472,118.46172,118.497048,119.049239
654,160.859169,160.61264,160.667937,160.859169,160.901409,161.61488
28318,92.278295,92.12154,92.21812,92.278295,92.34106,92.786135
1506,99.554324,99.353876,99.41762,99.554324,99.820052,100.268564
30695,98.97135,98.94682,98.96256,98.97135,99.01545,99.4488
650,100.736276,100.45826,100.534292,100.736276,101.216276,101.276181
1505,115.7814,115.720727,115.776023,115.7814,115.84284,116.125463
28313,102.695105,102.64137,102.66421,102.695105,102.75476,103.11861
3084,84.741137,84.632081,84.704273,84.741137,85.446161,85.890834
3087,111.07663,110.876182,111.050518,111.07663,111.434518,112.559638
3081,103.302933,103.139349,103.212309,103.302933,106.705941,106.734358
3942,116.519448,114.824471,116.504088,116.519448,116.789016,123.031321
3083,93.863443,93.758995,93.844243,93.863443,93.963283,94.812691
28314,55.85737,49.694385,49.82961,55.85737,59.735295,61.250135
22203,97.01753,96.945755,96.96898,97.01753,97.11791,97.468265
317,120.977688,119.918616,120.484632,120.977688,121.019161,121.512985
22201,232.306705,231.978075,232.25725,232.306705,232.352605,232.78497
22200,96.63679,96.115085,96.129805,96.63679,97.466965,102.91251
22207,101.395415,101.34439,101.38843,101.395415,101.4009,101.70051
22206,100.56048,100.02713,100.556045,100.56048,100.68492,100.93536
19473,101.64214,101.61179,101.62883,101.64214,101.6459,101.934305
33667,138.473635,138.16377,138.34328,138.473635,139.24242,150.234795
13808,91.381095,90.958665,91.33206,91.381095,91.493155,92.0216
13529,139.32999,139.271195,139.31924,139.32999,139.38536,140.19508
13804,269.37564,269.29686,269.323905,269.37564,269.445315,270.524685
13807,209.39975,208.995515,209.382075,209.39975,209.41836,209.982835
13806,284.01072,283.52026,283.679355,284.01072,284.133265,284.379265
22858,39.419565,39.14323,39.29103,39.419565,39.46897,39.648815
3885,125.107993,125.060377,125.084953,125.107993,125.119513,125.734682
28176,269.098335,268.844795,268.89625,269.098335,269.641375,269.75398
3887,127.996442,127.91657,127.955738,127.996442,128.028698,130.618394
33664,152.968785,152.672585,152.96645,152.968785,153.08502,154.26816
28172,132.28424,132.074795,132.112215,132.28424,132.296505,132.62399
28170,96.5084,96.416305,96.49186,96.5084,96.54673,96.973015
3888,125.856794,125.838362,125.849114,125.856794,125.910554,126.435865
28179,52.89939,51.262365,51.768465,52.89939,54.09303,56.376675
33661,113.69914,113.63714,113.645685,113.69914,113.956765,115.246915
32045,118.30979,116.11572,116.95685,118.30979,125.772125,144.49124
30869,82.432265,82.382255,82.389065,82.432265,82.493735,83.337525
35123,19.61193,19.552975,19.58994,19.61193,19.802465,20.29823
33845,227.913525,227.81401,227.829965,227.913525,228.05687,228.73508
25081,9.44554,8.910025,9.14597,9.44554,9.494195,10.10224
18735,82.773045,82.72769,82.74665,82.773045,82.7982,83.217355
11521,99.382605,99.02578,99.185375,99.382605,99.464165,99.487245
11522,156.47935,155.8327,156.07206,156.47935,156.657415,161.642015
11523,107.063935,106.36389,107.05132,107.063935,108.585355,109.17887
32046,103.26878,103.226215,103.23906,103.26878,103.281935,103.703375
11528,61.95163,61.87002,61.93434,61.95163,61.954135,62.489185
11529,27.45383,27.173685,27.216935,27.45383,27.49962,28.125005
33842,157.044785,155.8856,156.98447,157.044785,157.80218,158.89757
32690,109.249335,108.68653,108.72439,109.249335,109.88548,110.74637
32693,107.09798,106.896855,106.950825,107.09798,107.16205,108.2415
32692,91.749945,91.526345,91.59109,91.749945,91.77053,92.02155
32695,94.299295,93.94465,94.21403,94.299295,94.3867,94.942895
32694,97.570565,97.426875,97.562875,97.570565,97.76148,98.622495
32697,119.133855,115.872355,116.30552,119.133855,119.650255,124.442935
32696,110.726875,110.152545,110.53462,110.726875,110.7341,111.540615
32698,134.70686,134.63688,134.684875,134.70686,134.88377,135.07639
33512,227.26702,226.24453,226.44852,227.26702,229.20251,229.920295
15090,101.48033,101.02043,101.221155,101.48033,101.860535,102.18846
20650,98.6633,98.61453,98.6505,98.6633,98.71988,99.05388
34362,152.7394425,149.97299,150.6063,154.872585,172.751825
25004,50.56669,45.079385,48.73764,50.56669,50.57083,59.66007
15093,85.53322,85.40315,85.51329,85.53322,85.991485,86.00715
25003,131.364035,131.311855,131.330895,131.364035,131.39877,131.94114
30312,76.395745,76.10646,76.3298,76.395745,76.62093,76.71917
32951,109.42194,109.090135,109.2201,109.42194,109.424685,110.72418
30642,186.208235,186.132955,186.183135,186.208235,186.53551,187.345945
15097,210.175585,210.01738,210.131675,210.175585,210.46373,210.628075
21074,8.57515,8.419955,8.54097,8.57515,9.0363,9.363775
27358,102.124445,101.33937,101.731755,102.124445,102.730905,103.049125
27353,141.255775,135.677135,139.632,141.255775,146.45848,167.58623
27351,146.264625,146.14998,146.155025,146.264625,146.528305,146.867455
27355,146.94093,144.51374,145.711555,146.94093,169.97113,172.86354
25260,94.180525,94.06231,94.15046,94.180525,94.3466,94.581165
25261,274.94477,274.778675,274.940475,274.94477,275.292835,275.461585
25262,120.38635,116.888985,119.393995,120.38635,120.97489,124.66963
32959,66.70308,66.68258,66.69055,66.70308,66.72046,67.118725
19955,25.599495,25.124885,25.530925,25.599495,25.834485,26.15197
16274,96.205445,96.161065,96.168055,96.205445,96.25176,96.664165
19957,83.524145,82.60455,83.46078,83.524145,90.70163,91.3704
32036,114.627085,113.46841,113.71074,114.627085,115.53209,115.855035
32031,82.842255,82.42079,82.811905,82.842255,82.860755,83.53631
32033,122.323775,122.27222,122.282145,122.323775,122.348385,122.95523
16272,100.953565,99.740925,100.45551,100.953565,100.9649,102.48712
32038,118.733675,118.710815,118.71519,118.733675,118.75686,119.255845
6001,81.211166,81.179157,81.17955,81.211166,81.241645,81.622284
31800,98.191975,97.7902,97.83282,98.191975,98.298715,103.35865
17271,112.14167,112.09423,112.104165,112.14167,112.14831,112.626465
17276,83.84873,83.239635,83.468075,83.84873,83.89754,84.336695
32166,113.072765,112.67992,112.87187,113.072765,113.685145,114.703535
18500,16.153775,15.5468,15.829315,16.153775,17.07497,17.28717
28508,82.01337,81.90842,81.933935,82.01337,82.059585,82.7529
10729,147.38981,145.783755,146.80428,147.38981,147.931255,149.660505
10059,130.54263,130.52866,130.53711,130.54263,130.647195,131.114455
10058,88.707095,88.638065,88.70173,88.707095,88.769275,89.503255
10057,115.600345,115.57022,115.574845,115.600345,115.60061,116.173385
10727,6.27555,5.700435,6.1587,6.27555,6.561635,6.670465
999,103.623573,102.927381,103.133205,104.113941,107.567638
10052,93.76133,93.73641,93.75131,93.76133,93.78116,94.19159
10723,147.59477,146.777525,147.10931,147.59477,148.006465,149.315015
33128,126.232195,126.169955,126.21112,126.232195,126.489835,126.634165
11974,94.54738,94.18036,94.262965,94.54738,94.933715,96.057115
12389,244.011425,242.47609,242.72878,244.011425,244.25456,245.4582
33122,101.72063,100.68203,100.81083,101.72063,101.8458,102.010455
33123,101.046955,100.677175,100.95383,101.046955,101.06076,101.20502
28460,93.509545,93.490155,93.503985,93.509545,93.533085,93.9787
12380,16.30492,16.17124,16.25321,16.30492,16.37431,16.6836
12383,41.213805,41.1624,41.16353,41.213805,41.281185,41.60883
33127,245.42698,245.348335,245.36666,245.42698,245.432375,246.104805
32163,118.045305,116.98719,117.40522,118.045305,118.16818,118.799165
21588,102.928615,102.903745,102.926815,102.928615,102.99122,103.69145
11171,10.665425,10.62372,10.665415,10.665425,10.68119,11.30377
25324,43.225585,41.52562,42.56982,43.225585,43.63498,46.58972
17496,244.03688,243.977505,243.98508,244.03688,244.39551,244.610785
726,114.165527,114.034967,114.155543,114.165527,114.528791,114.610199
3579,54.499595,53.809931,54.418955,54.499595,54.647819,54.741515
17490,24.615665,23.620025,23.83205,24.615665,24.812005,26.04775
727,140.44726,140.418076,140.442652,140.44726,140.44726,141.008668
3575,96.920084,96.90626,96.909332,96.920084,96.920084,97.423892
3574,18.324484,17.499652,18.265348,18.324484,18.442756,28.448262
22854,187.30355,187.186045,187.270115,187.30355,187.33248,187.849625
3570,82.320401,82.282001,82.303505,82.320401,82.388752,82.953233
3573,77.16328,77.08648,77.14408,77.16328,77.902864,89.908242
4497,111.393046,110.419223,110.592791,111.393046,111.595798,111.774743
13387,115.51822,115.47867,115.5176,115.51822,115.5872,115.940335
2664,115.185432,115.027992,115.181592,115.185432,115.19772,115.347479
29821,106.42578,106.331025,106.368635,106.42578,106.428625,107.80311
18504,31.16062,29.62948,29.90204,31.16062,31.56642,32.789365
4491,111.995158,111.692566,111.709462,111.995158,112.038166,112.826135
13381,101.475955,101.126835,101.43594,101.475955,101.48343,101.79518
20984,141.39304,141.382815,141.38356,141.39304,141.43072,141.83575
20985,118.25813,117.614685,117.73466,118.25813,118.748015,120.007495
20982,110.005255,109.97023,110.001355,110.005255,110.054825,110.53651
20980,155.731985,155.361545,155.57616,155.731985,156.053025,156.60232
29795,96.926,96.587525,96.87297,96.926,97.05013,97.41629
2937,113.376022,113.117207,113.352983,113.376022,113.478935,114.021143
2934,119.367961,119.244312,119.288857,119.367961,119.535384,119.822616
2932,88.706322,88.46517,88.682514,88.706322,89.011219,90.117906
2930,120.76188,120.668184,120.6774,120.76188,121.268761,122.115096
18588,115.69195,115.243005,115.68655,115.69195,115.960405,116.12997
33789,115.756695,115.747805,115.752585,115.756695,115.76513,116.117295
14608,134.15604,134.11903,134.13271,134.15604,134.162715,148.14455
14606,144.77713,139.602465,142.98236,144.77713,145.352555,189.982625
33786,111.93918,111.878825,111.904615,111.93918,112.003595,112.63561
14602,103.96034,103.67826,103.87714,103.96034,104.33995,104.412955
33782,214.587175,213.775555,214.278965,214.587175,215.295225,216.813655
33783,120.281855,120.14298,120.21168,120.281855,120.568515,120.911465
20186,25.87146,25.788415,25.840945,25.87146,25.93282,26.3744
20187,116.683715,116.54582,116.63388,116.683715,116.71575,116.737285
20185,99.757405,99.683095,99.69723,99.757405,99.895615,100.266895
20182,39.534695,39.46711,39.48671,39.534695,39.61992,39.926815
20180,104.856095,103.462765,104.40197,104.856095,106.1544,106.68989
20188,32.766575,32.66838,32.73982,32.766575,32.884,33.16027
20189,119.67676,118.198865,118.554285,119.67676,119.970295,120.269505
30478,286.4933,286.45548,286.46777,286.4933,286.516045,287.12038
13039,133.365275,133.09007,133.15265,133.365275,133.679005,134.77627
13034,114.32603,114.30449,114.31543,114.32603,114.36298,114.641905
30472,108.941575,108.73115,108.87205,108.941575,109.28447,110.320795
30470,159.51375,159.005815,159.182325,159.51375,159.528325,159.57189
30476,88.892865,88.424,88.836275,88.892865,89.58929,105.23921
23942,84.218425,84.09527,84.193445,84.218425,84.24477,84.80671
18725,105.88756,105.83563,105.856285,105.88756,105.997935,106.41133
18056,123.169055,123.00367,123.03434,123.169055,123.56357,123.708255
18054,83.69749,83.675125,83.6914,83.69749,83.69937,84.642395
11090,65.923955,65.769015,65.858015,65.923955,66.008175,67.208995
18720,83.791965,83.718395,83.781985,83.791965,83.835455,84.1879
11092,137.14849,137.09162,137.10534,137.14849,137.149235,137.58059
18722,33.688125,33.39215,33.41822,33.688125,34.251075,34.669065
31782,99.689,99.37171,99.409515,99.689,99.822295,101.053525
4428,236.569392,236.515632,236.526384,236.569392,236.596272,237.240624
31780,96.32895,96.32128,96.32309,96.32895,96.360545,97.062995
18486,123.531095,122.863175,123.41468,123.531095,123.81662,124.58615
31787,105.64056,105.59449,105.623365,105.64056,105.71532,106.11794
18059,91.87887,90.890215,91.728015,91.87887,92.431945,95.435585
31785,97.01018,96.89508,96.895195,97.01018,97.2439,97.486725
28788,118.210975,117.909415,117.93847,118.210975,118.456335,121.35083
33878,116.15986,115.917365,116.111935,116.15986,116.69485,119.063195
3168,119.2374,119.208216,119.22972,119.2374,119.295,119.827224
3169,116.339735,116.097047,116.243735,116.339735,116.456471,116.537112
33872,103.313075,103.11389,103.19041,103.313075,103.333555,104.024045
33870,110.88708,110.647375,110.649795,110.88708,111.047105,112.063135
3165,99.053588,98.805524,98.886932,99.053588,99.296276,100.32002
33876,130.7449,128.210155,130.23424,130.7449,131.181975,132.011935
33877,103.73799,103.689985,103.70218,103.73799,103.75691,104.358155
33874,103.22041,102.78289,103.2058,103.22041,103.302065,103.867115
28787,112.9588,112.455305,112.51342,112.9588,113.08588,114.51474
30781,106.3293,104.84796,104.881235,106.3293,107.078375,129.648245
2154,101.344533,100.223252,100.227092,101.344533,101.420565,102.490388
30783,195.53032,195.304565,195.38043,195.53032,195.841615,196.39351
30785,125.848995,125.83055,125.83848,125.848995,126.27929,126.31606
30784,112.01092,111.13398,111.277615,112.01092,112.386305,113.40807
30787,88.06967,87.915615,88.00592,88.015445,88.06967,88.07322,88.22604,88.54617
2407,106.272789,104.019477,106.217493,106.272789,111.417622,112.714775
20234,95.98286,95.26189,95.62006,95.98286,96.549135,98.197785
20231,170.473075,170.385385,170.42691,170.473075,170.59594,171.152045
27512,232.58272,232.143455,232.2679,232.58272,232.716115,233.84893
20233,82.776325,82.693055,82.722275,82.776325,83.4174,87.131045
731,95.238163,95.189011,95.203603,95.238163,95.464724,95.519251
29834,112.85652,112.67829,112.803055,112.85652,113.174375,114.60274
736,89.708562,89.521939,89.591826,89.708562,89.765394,90.32757
739,97.096724,97.087508,97.092884,97.096724,97.10594,97.952276
29788,98.426865,98.22144,98.295765,98.426865,98.638455,99.052
1393,118.504729,118.474777,118.485529,118.504729,118.609945,119.140632
30438,94.505415,94.260485,94.47858,94.505415,94.56205,94.788515
2153,110.678806,110.564374,110.599702,110.678806,111.105814,111.905303
27632,113.18022,112.941345,113.077675,113.18022,113.182175,114.031505
27635,93.863885,93.831585,93.85246,93.863885,94.073905,94.9073
27636,143.87775,141.68984,142.402055,143.87775,145.488355,148.504885
27639,142.039805,141.985415,142.020025,142.039805,142.04263,142.507605
4053,107.80111,107.730454,107.768854,107.80111,107.825686,108.869397
23291,109.469275,107.965035,108.87567,109.469275,109.48326,109.777535
25854,21.836755,21.45628,21.55683,21.836755,22.399645,28.336125
25850,30.911865,30.034605,30.86147,30.911865,30.990785,31.71374
19675,94.031515,94.01088,94.02871,94.031515,94.09555,94.62911
31254,209.033635,208.97881,209.00055,209.033635,209.11193,209.609925
31255,82.9774,82.521575,82.812925,82.9774,83.018425,83.333545
31256,196.457135,196.40834,196.430865,196.457135,196.49532,197.09595
31257,134.78091,132.894555,133.560605,134.78091,134.85121,151.705025
31250,16.34728,14.269165,16.016435,16.34728,17.335835,26.12061
31253,23.48833,19.56443,20.422485,23.48833,26.487245,27.239825
2007,108.440086,108.28495,108.356374,108.440086,112.498967,113.141783
31258,24.24176,23.997,24.183585,24.24176,24.347355,24.350135
20451,28.260385,28.11818,28.19796,28.260385,28.49103,28.66043
20453,15.23351,14.39271,14.52984,15.23351,15.643815,19.122645
34572,117.0754,116.78018,116.98537,117.0754,117.31968,119.79227
12810,154.40108,154.096915,154.176185,154.40108,154.461945,154.82664
34570,108.51186,108.30594,108.44309,108.51186,108.771665,110.73366
34571,105.78686,104.772015,104.961225,105.78686,105.976435,106.437955
20454,85.35671,85.32911,85.33223,85.35671,85.42089,85.721095
12819,139.469615,139.36035,139.40866,139.469615,140.2437,141.003645
12548,23.137145,22.82353,22.848215,23.137145,23.31689,23.51376
10654,131.140015,130.39353,130.98908,131.140015,133.22053,203.143195
31430,84.203825,84.175665,84.19082,84.203825,84.29207,84.71229
31431,86.61802,86.57682,86.596055,86.61802,86.62022,87.09475
31435,207.351065,207.265595,207.300955,207.351065,207.383635,207.98595
31436,27.43169,26.371755,26.397825,27.43169,28.91802,30.358285
31598,79.639115,79.51794,79.63322,79.639115,79.71457,80.363915
33500,71.510145,71.487445,71.494675,71.510145,71.772655,72.10033
19099,168.532255,168.362915,168.365805,168.532255,168.654985,169.08298
19728,128.94984,128.49652,128.613125,128.94984,129.617945,133.5084
32206,153.977425,153.60146,153.677715,153.977425,154.27438,154.485445
16047,97.606895,97.261145,97.29683,97.606895,97.809715,99.48446
16512,108.173025,108.089165,108.098425,108.173025,108.617425,108.850395
30573,90.364775,90.23559,90.333805,90.364775,90.381115,90.945545
19722,122.474115,122.399265,122.44703,122.474115,122.58394,123.10278
11266,97.592205,97.05912,97.50173,97.592205,98.328715,98.603585
16040,87.95801,87.779095,87.93892,87.95801,88.364185,88.598515
19093,124.28058,124.239925,124.27742,124.28058,124.306455,124.575865
28372,108.35762,108.010245,108.181615,108.35762,108.580995,108.60635
22695,227.856225,227.82696,227.85244,227.856225,227.869775,228.37604
22696,62.593455,62.53234,62.56317,62.593455,62.68152,63.183445
12601,123.690565,123.626415,123.686,123.690565,123.859995,123.96281
12602,115.05004,114.97232,115.001875,115.05004,115.07132,115.55529
20909,116.767765,116.67569,116.694815,116.767765,116.9597,117.41659
12605,122.188875,122.139845,122.16083,122.188875,122.264245,122.66947
26580,125.01674,124.92601,124.954195,125.01674,125.033255,125.553175
26581,85.66981,85.546055,85.595685,85.66981,86.17514,86.61117
26587,85.163805,85.12875,85.142465,85.163805,85.176985,85.4742
11174,93.57202,92.64457,93.51956,93.57202,94.267615,95.769815
21009,58.80376,58.45166,58.567425,58.80376,58.967225,59.6139
21000,72.28988,72.152055,72.16273,72.28988,72.53095,72.653725
21001,66.2085,66.106215,66.160345,66.2085,66.230075,66.75854
21003,88.52759,88.28906,88.42035,88.52759,88.79023,89.622115
22079,87.565905,87.541345,87.5596,87.565905,87.58453,87.995985
22074,143.257195,140.94902,142.08688,143.257195,143.76248,144.941475
22073,92.851625,92.36229,92.44438,92.851625,93.532855,93.624795
2322,108.612118,108.138262,108.205078,108.612118,108.645142,108.761878
31924,91.77674,91.300705,91.41291,91.77674,91.99088,92.306275
13635,103.37671,102.98794,103.125895,103.37671,103.38832,103.47382
3616,233.986607,233.876015,233.929007,233.986607,234.091055,235.2684
2325,87.505938,87.473682,87.482898,87.505938,87.558162,87.93141
2324,106.517014,106.291222,106.351126,106.517014,106.821141,106.973974
4709,109.389334,108.028438,108.339478,109.389334,111.933718,115.897367
31929,94.54117,94.328755,94.3891,94.54117,94.546355,95.149745
31222,158.42415,158.390945,158.406275,158.42415,158.43549,159.015975
3619,225.275181,222.881324,224.991789,225.275181,225.294381,226.679086
19213,81.62689,81.5665,81.602115,81.62689,81.704145,82.15228
31224,57.678845,56.19743,56.70843,57.678845,58.243545,60.954055
3762,10.298114,9.411842,9.651458,10.298114,10.758147,11.015427
3763,124.911386,124.741658,124.770842,124.911386,124.969754,125.727769
3766,114.771479,114.553367,114.650135,114.771479,114.777623,115.676952
3767,26.466053,23.900933,26.443013,26.466053,27.41991,29.48583
3768,134.618139,134.146587,134.335515,134.618139,136.953628,145.019165
21910,106.60831,105.41444,105.49477,106.60831,106.736645,107.31642
21559,174.159105,174.07307,174.121045,174.159105,174.22155,174.582685
17399,108.116605,107.442005,107.8905,108.116605,114.62331,117.92822
14385,24.96089,23.89961,24.621855,24.96089,25.430585,26.907605
17643,120.671515,120.56647,120.581515,120.671515,120.67769,121.15411
17394,91.996425,91.84663,91.949645,91.996425,92.08241,92.277355
17397,116.92188,116.83116,116.9186,116.92188,116.933515,117.27415
17644,122.146215,121.74477,122.08853,122.146215,122.8417,123.447965
2498,98.97602,98.27714,98.925332,98.97602,100.946709,101.042708
4649,86.928402,86.886162,86.893074,86.928402,86.930706,87.229458
2491,107.914774,107.61679,107.81647,107.914774,111.085079,111.992855
4640,92.805138,92.712211,92.740626,92.805138,98.542868,106.910998
4646,80.497936,80.397328,80.414992,80.497936,81.052433,81.404944
4647,83.096849,82.982417,83.029265,83.096849,83.148305,83.969297
2496,115.870487,115.737624,115.841303,115.870487,116.064791,116.17308
19894,70.12003,69.994495,70.091715,70.12003,70.4696,70.633045
19895,163.93803,163.727235,163.82718,163.93803,164.14363,164.41942
32375,111.034145,110.271775,110.799065,111.034145,111.038355,111.48453
19891,93.645905,93.55693,93.612365,93.645905,93.707145,94.306765
11774,243.29325,242.68108,242.816805,243.29325,247.87001,249.94759
17027,85.660685,85.58799,85.60143,85.660685,85.8069,86.430065
17025,79.298545,79.254055,79.27081,79.298545,79.30421,79.58417
32370,120.28825,118.521455,119.705665,120.28825,123.623445,135.289225
17021,97.56419,97.104185,97.195605,97.56419,97.56432,98.105055
17020,82.776645,82.454475,82.75908,82.776645,83.35495,83.679375
32307,83.54968,83.39867,83.473155,83.54968,83.560015,84.158805
33922,113.942225,113.814245,113.902485,113.942225,113.98086,114.285025
17029,122.92053,122.62836,122.901625,122.92053,122.957295,123.74821
115,126.661658,126.561818,126.660122,126.661658,126.812954,127.66313
114,105.87343,105.84655,105.853462,105.87343,106.25743,107.558422
20759,76.56839,75.873305,76.33768,76.56839,77.316785,78.207795
116,108.333334,108.266518,108.332566,108.333334,108.77647,108.798742
110,110.218774,110.20111,110.209558,110.218774,110.721046,112.654103
31496,88.789905,88.66231,88.747485,88.789905,88.858535,89.07799
20753,18.74037,18.737525,18.738915,18.74037,18.758475,19.16116
20752,30.078555,30.052865,30.07655,30.078555,30.370255,30.7875
29269,81.27688,79.99755,80.441675,81.27688,82.113425,83.08852
20750,203.60669,203.530035,203.530045,203.60669,203.80253,204.421905
20757,110.292865,110.24271,110.29257,110.292865,110.386385,110.675495
20756,91.46857,91.174525,91.274165,91.46857,91.724375,92.267215
20755,110.545655,110.116505,110.143895,110.545655,113.08607,113.437945
10964,98.078455,98.0328,98.059595,98.078455,98.09689,99.03215
32306,55.294075,55.152245,55.16767,55.294075,55.299305,55.946235
33430,223.0022,222.830165,222.975415,223.0022,223.39019,223.59076
12306,108.158645,108.04173,108.13672,108.158645,108.9348,113.893135
33437,222.644005,222.61379,222.63268,222.644005,222.701675,223.14518
20534,81.04796,80.989325,81.03626,81.04796,81.061395,81.514055
33680,111.003585,110.952025,110.99402,111.003585,111.00701,111.71043
17664,29.860615,29.74777,29.770745,29.860615,30.03761,30.41175
11905,109.8108575,108.33752,109.037285,110.58443,130.257065
11909,135.13214,134.20072,134.526725,135.13214,135.301565,143.531555
15271,144.290905,143.452555,143.594905,144.290905,144.32961,145.076485
12804,62.790235,61.2225,62.18529,62.790235,64.31515,64.892575
12805,70.368315,69.894475,70.133195,70.368315,70.425485,73.700535
12554,114.61714,114.595365,114.612515,114.61714,114.617425,115.17912
15890,76.975535,76.9462,76.962455,76.975535,76.985945,77.369345
15723,49.35287,49.08168,49.194275,49.35287,49.361855,49.5938
15893,134.40191,134.08673,134.312675,134.40191,135.102245,135.663615
15724,85.65615,85.620645,85.628105,85.65615,85.66731,86.182105
15728,127.21176,126.929965,126.935925,127.21176,127.875145,134.92229
15729,110.08855,107.548725,107.937105,110.08855,110.147495,113.866225
13823,122.833505,122.645785,122.78411,122.833505,122.946535,123.070195
10554,35.113475,31.758465,33.909925,35.113475,35.48404,48.41579
10555,31.348915,31.194445,31.29519,31.348915,31.882505,33.427545
10553,28.027965,27.11134,27.75762,28.027965,28.29387,28.504415
10551,25.239665,24.83497,24.9382,25.239665,25.519375,26.137605
34548,109.123755,108.97731,109.016595,109.123755,109.41811,109.689885
18269,76.693525,75.8184,76.528215,76.693525,77.31072,77.769945
33669,84.455175,84.40939,84.451475,84.455175,84.45722,84.94239
6101,61.200878,61.160834,61.170223,61.200878,61.208068,61.698646
18916,112.77658,112.35572,112.370035,112.77658,112.889375,112.91026
18917,113.262255,113.22376,113.261235,113.262255,113.295685,113.832025
33665,106.51857,106.47542,106.499745,106.51857,106.52847,108.151485
27197,113.71313,113.6831,113.68559,113.71313,113.72459,114.1987
33663,107.902525,107.83738,107.87083,107.902525,108.07868,108.449085
18265,90.249735,89.75178,90.06196,90.249735,90.510425,90.99211
18910,104.615335,104.54309,104.57338,104.615335,104.629685,104.933235
15098,104.224695,103.563,103.89453,104.224695,104.471385,105.366105
15099,85.178815,85.092965,85.11302,85.178815,85.18554,85.61579
34369,107.851575,107.4978,107.74854,107.851575,108.07255,108.77715
30319,84.50592,79.76192,82.450295,84.50592,84.53529,86.291865
30644,95.201965,94.74905,94.84344,95.201965,95.245395,96.98171
31961,108.768745,108.57796,108.74923,108.768745,110.29463,111.708755
15092,209.92315,209.198355,209.918025,209.92315,210.14186,210.62158
30647,157.33126,157.26418,157.302385,157.33126,157.36553,157.94772
15094,92.26267,92.032235,92.260255,92.26267,92.31305,92.585805
30865,95.011415,94.85345,94.947705,95.011415,95.62726,96.13009
30866,112.3018,112.18513,112.299845,112.3018,112.30393,113.09623
30160,149.490715,149.004175,149.043345,149.490715,150.195835,150.47571
11933,136.45339,134.891005,135.97774,136.45339,143.75785,243.823975
28194,96.110675,95.16134,95.181865,96.110675,96.568185,96.763555
11426,173.187155,173.00109,173.13514,173.187155,173.25101,173.507405
17018,120.440065,119.723615,120.25375,120.440065,120.7492,120.770615
3308,85.291793,85.134353,85.266449,85.291793,85.774866,100.475156
3386,217.457708,217.191212,217.406252,217.457708,217.943084,218.363179
14203,82.25696,81.397675,81.740025,82.25696,84.956745,85.33649
28371,247.147995,246.826905,246.866515,247.147995,247.40151,247.57619
24539,104.71675,104.540545,104.66015,104.71675,105.02394,105.504755
11170,158.49185,130.0375,155.7194,158.49185,160.577275,217.334525
11176,92.11404,91.903235,92.105295,92.11404,92.26605,92.68267
28377,149.215655,149.104895,149.199105,149.215655,149.640485,150.40329
28376,151.44741,151.04446,151.0659,151.44741,152.292965,154.17615
28378,79.6861525,53.02051,76.46795,82.904355,86.81735
11179,93.83219,92.132415,92.444465,93.83219,96.363325,98.02662
18511,76.10021,75.85092,75.974495,76.10021,77.12486,86.1126
29688,108.584135,108.056205,108.544195,108.584135,108.849945,109.56538
24535,103.25963,103.182505,103.20664,103.25963,103.675845,104.147285
34144,103.71249,103.66109,103.69901,103.71249,103.882815,104.166505
21097,55.922305,55.58275,55.91912,55.922305,56.141805,56.693185
33924,103.099555,102.03912,103.069845,103.099555,103.263105,104.296
1290,93.980179,93.916435,93.924115,93.980179,94.001683,94.284307
14205,94.71195,93.45885,94.43922,94.71195,97.14158,106.40022
10644,123.541815,123.51666,123.52533,123.541815,123.631735,123.78534
1294,104.269077,104.073237,104.173845,104.269077,104.376597,104.597013
35092,54.064375,53.36509,53.639835,54.064375,55.519415,100.13695
35093,60.987475,60.94175,60.963695,60.987475,60.99317,61.464105
13821,162.4663,162.1818,162.407525,162.4663,162.844965,163.30942
35091,111.90391,111.7551,111.812165,111.90391,111.90626,112.33448
35096,107.60063,107.526175,107.59612,107.60063,107.73646,108.014795
13826,77.192595,76.571905,76.760665,77.192595,77.66487,77.668785
13824,121.14959,120.72651,121.12495,121.14959,121.23097,121.8674
13351,152.371295,151.9424,152.313955,152.371295,152.443825,153.16627
21503,119.9407,119.0229,119.73183,119.9407,120.128035,120.889485
28195,135.987,134.80505,135.15916,135.987,136.940645,137.485785
29686,103.030465,102.89198,102.979465,103.030465,103.100135,103.42535
28197,141.993195,141.383735,141.64371,141.993195,142.695965,143.107015
24022,83.20324,83.17272,83.188615,83.20324,83.214105,83.489965
34145,85.34863,85.30053,85.337065,85.34863,85.473705,85.691975
4443,207.114281,207.051305,207.057449,207.114281,207.290922,207.565866
34143,100.651,99.656215,100.015965,100.651,101.008775,101.28086
34141,90.101645,89.47319,89.774105,90.101645,90.86084,100.06933
34140,227.14304,227.05713,227.057185,227.14304,227.292435,227.909335
13355,110.402015,110.36009,110.376605,110.402015,110.434995,110.546185
34149,135.838235,135.77733,135.8218,135.838235,135.93817,136.32223
34148,81.608995,81.38908,81.476205,81.608995,81.97493,88.832865
